 starting time: Sat Mar  1 16:46:58 2014 
 Target:protein   
 Length:          43
 Number of restraints:          52
 ----------- contact restraints ---------------
   1( 2):   6  29
   2( 0):
   3( 1):  38
   4( 1):  29
   5( 3):  25  26  29
   6( 3):   1  35  43
   7( 4):  28  31  32  35
   8( 3):  25  32  36
   9( 3):  22  25  43
  10( 5):  16  31  34  35  43
  11( 5):  16  17  28  31  36
  12( 5):  18  21  22  25  36
  13( 3):  18  21  40
  14( 0):
  15( 0):
  16( 5):  10  11  30  31  34
  17( 1):  11
  18( 2):  12  13
  19( 0):
  20( 0):
  21( 4):  12  13  35  38
  22( 2):   9  12
  23( 0):
  24( 1):  35
  25( 7):   5   8   9  12  32  35  36
  26( 1):   5
  27( 0):
  28( 2):   7  11
  29( 3):   1   4   5
  30( 1):  16
  31( 4):   7  10  11  16
  32( 4):   7   8  25  38
  33( 2):  38  39
  34( 4):  10  16  39  40
  35( 7):   6   7  10  21  24  25  43
  36( 4):   8  11  12  25
  37( 0):
  38( 4):   3  21  32  33
  39( 2):  33  34
  40( 2):  13  34
  41( 0):
  42( 0):
  43( 4):   6   9  10  35
 Number of contact=         104  Lch=          43
 fc=   2.418605    

 n1_all=         312   <vr>=   3.809865    
 Protein real length..................          43

 Ncycle...............................         501

 Number of runs.......................           1

 number of N_rep......................          40
 N_swap...............................         200
 ncycle*N_swap........................      100200
 local moves each replica:   4308600.    
 total moves in MC..  1.7234400E+08

 .......N_dist........................         191
 .......N_comb........................          52
 .......N_dist/length........   4.441861    
 .......N_comb/length........   1.209302    

 maximum temperture...................   63.89524    
 minimum temperture...................   1.599530    

 Excluded volumn parameter=   23.00000       4.172374    

 ................er1........   3.600000    
 ................er3........  0.7650000    
 ................er4........  0.4500000    
 ................er5........   2.700000    
 ................er6........  0.4500000    
 ................er7........   500.0000    
 ................eh1c.......   1.800000    

 initial random number seed...........         139
 contact order........................   6.142065    

 the first arandom number.............  0.4694539    

 *******************************************
 This is a normal simulation.
 *******************************************

 maximum of Np2(i,j)=          46          46
 number of possible pair=       67272
 sum of Np2(i,j), total memory=     1830000
 E_final=   1023.985    

 <s_comb>=   14.65070    
 <t_comb>=   52.00000    
 s_comb/t_comb=  0.2817442    

 <s_dist>=   163.6035    
 <t_dist>=   191.0000    
 s_dist/t_dist=  0.8565626    

 <s_distL>=   121.3533    
 <t_distL>=   288.0000    
 s_distL/t_distL=  0.4213656    

 <s_combCA>=  0.3799069    
 <t_combCA>=   9.000000    
 s_combCA/t_combCA=  4.2211868E-02

 <s_combCA8>=   13.86228    
 <t_combCA8>=   59.00000    
 s_combCA8/t_combCA8=  0.2349538    


 i_move    move   Na(i)  Nt(i)   Na(i)/Nt(i)
   2   move2a     25959776.0     82649932.0   0.314093
   3   move3s      4483489.0     17267702.0   0.259646
   4   move3d      4212004.0     17267249.0   0.243930
   5   move4s      1779654.0      8585326.0   0.207290
   6   move4d      1629547.0      8654012.0   0.188300
   7   move8             0.0            0.0
   8   move5s      1196311.0      6891445.0   0.173594
   9   move5d      1069285.0      6899634.0   0.154977
  10   move6       1455883.0     13817479.0   0.105365
  11   move_n      1177272.0      5179842.0   0.227280
  12   move_c      1420928.0      5131379.0   0.276910
  13   move7a            0.0            0.0
  14   move7b            0.0            0.0
  15   move9             0.0            0.0

 -------------- E_final, Na_swap/Nt_swap ---------
 i  T(i) final_E(i)  Nsa(i)  Nst(i)  Nsa(i)/Nst(i)
   1   1.60  -697.9          159.0          250.0   0.636000
   2   1.76  -704.3          164.0          251.0   0.653386
   3   1.93  -663.8          162.0          250.0   0.648000
   4   2.12  -669.2          159.0          251.0   0.633466
   5   2.33  -624.7          188.0          250.0   0.752000
   6   2.57  -673.4          169.0          251.0   0.673307
   7   2.82  -656.8          171.0          250.0   0.684000
   8   3.10  -668.6          166.0          251.0   0.661355
   9   3.41  -599.9          167.0          250.0   0.668000
  10   3.75  -580.7          150.0          251.0   0.597610
  11   4.12  -580.3          157.0          250.0   0.628000
  12   4.53  -623.3          161.0          251.0   0.641434
  13   4.97  -574.4          152.0          250.0   0.608000
  14   5.47  -473.5          134.0          251.0   0.533865
  15   6.01  -402.8          127.0          250.0   0.508000
  16   6.61  -332.3          139.0          251.0   0.553785
  17   7.26  -324.6          138.0          250.0   0.552000
  18   7.98  -198.7          113.0          251.0   0.450199
  19   8.77  -187.4          120.0          250.0   0.480000
  20   9.64   -28.2          113.0          251.0   0.450199
  21  10.60  -117.6          105.0          250.0   0.420000
  22  11.65   443.8          139.0          251.0   0.553785
  23  12.81   164.5          151.0          250.0   0.604000
  24  14.08   300.6          145.0          251.0   0.577689
  25  15.47   658.8          162.0          250.0   0.648000
  26  17.01   710.5          176.0          251.0   0.701195
  27  18.69   588.8          181.0          250.0   0.724000
  28  20.55   663.1          196.0          251.0   0.780877
  29  22.58   632.2          198.0          250.0   0.792000
  30  24.82   645.5          207.0          251.0   0.824701
  31  27.28   763.6          195.0          250.0   0.780000
  32  29.99   801.2          217.0          251.0   0.864542
  33  32.96   891.2          209.0          250.0   0.836000
  34  36.23   752.0          224.0          251.0   0.892430
  35  39.82   860.9          209.0          250.0   0.836000
  36  43.77   801.1          221.0          251.0   0.880478
  37  48.11   958.4          222.0          250.0   0.888000
  38  52.89   947.3          227.0          251.0   0.904382
  39  58.13  1036.3          223.0          250.0   0.892000
  40  63.90  1024.0            0.0            0.0

 ------------ <energy>, Na(i)/Nt(i) ----------------
 i_rep  T   <E>   NNa(i_temp)  NNt(i_temp)  Na/Nt           <ESHORT12>
   1   1.60  -672.7        345.662     23722.0   4308600.0   0.005506     0.0
   2   1.76  -664.8        489.279     27450.0   4308600.0   0.006371     0.0
   3   1.93  -655.7        510.695     31754.0   4308600.0   0.007370     0.0
   4   2.12  -647.1        402.257     37815.0   4308600.0   0.008777     0.0
   5   2.33  -638.5        511.601     43966.0   4308600.0   0.010204     0.0
   6   2.57  -633.4        410.537     49163.0   4308600.0   0.011410     0.0
   7   2.82  -622.2        362.894     58333.0   4308600.0   0.013539     0.0
   8   3.10  -613.9        241.566     66917.0   4308600.0   0.015531     0.0
   9   3.41  -601.1        233.611     78369.0   4308600.0   0.018189     0.0
  10   3.75  -584.1        226.485     93168.0   4308600.0   0.021624     0.0
  11   4.12  -562.7        194.601    110500.0   4308600.0   0.025646     0.0
  12   4.53  -534.8        180.641    129931.0   4308600.0   0.030156     0.0
  13   4.97  -507.4        145.681    155834.0   4308600.0   0.036168     0.0
  14   5.47  -470.1        139.649    188719.0   4308600.0   0.043801     0.0
  15   6.01  -424.8        118.915    225745.0   4308600.0   0.052394     0.0
  16   6.61  -367.7        123.916    270732.0   4308600.0   0.062835     0.0
  17   7.26  -303.3        114.197    326745.0   4308600.0   0.075836     0.0
  18   7.98  -237.6        111.887    395544.0   4308600.0   0.091803     0.0
  19   8.77  -151.0        110.606    481242.0   4308600.0   0.111693     0.0
  20   9.64   -63.7        123.613    574531.0   4308600.0   0.133345     0.0
  21  10.60    51.0        104.525    695482.0   4308600.0   0.161417     0.0
  22  11.65   168.7        102.945    839143.0   4308600.0   0.194760     0.0
  23  12.81   264.7         88.925    999229.0   4308600.0   0.231915     0.0
  24  14.08   368.6         66.320   1162998.0   4308600.0   0.269925     0.0
  25  15.47   454.6         55.161   1342766.0   4308600.0   0.311648     0.0
  26  17.01   531.2         28.793   1519554.0   4308600.0   0.352679     0.0
  27  18.69   585.0         25.295   1676375.0   4308600.0   0.389076     0.0
  28  20.55   624.2         20.533   1837040.0   4308600.0   0.426366     0.0
  29  22.58   673.0         14.962   1983104.0   4308600.0   0.460266     0.0
  30  24.82   708.4         11.738   2122031.0   4308600.0   0.492511     0.0
  31  27.28   742.2         10.072   2248983.0   4308600.0   0.521975     0.0
  32  29.99   766.8          8.280   2366468.0   4308600.0   0.549243     0.0
  33  32.96   800.5          8.079   2475327.0   4308600.0   0.574508     0.0
  34  36.23   826.4          6.244   2579943.0   4308600.0   0.598789     0.0
  35  39.82   843.1          5.144   2671010.0   4308600.0   0.619925     0.0
  36  43.77   870.4          5.157   2757501.0   4308600.0   0.639999     0.0
  37  48.11   890.5          4.077   2840066.0   4308600.0   0.659162     0.0
  38  52.89   905.4          3.146   2904427.0   4308600.0   0.674100     0.0
  39  58.13   924.2          3.027   2967120.0   4308600.0   0.688651     0.0
  40  63.90   947.0          2.749   3025402.0   4308600.0   0.702178     0.0
 E_min=  -726.6921    

 ncycle_max=         501
 ncycle_real=         501

 hour_max=   50.00000    
 hour_real=  0.5524002    

 ending time: Sat Mar  1 17:20:17 2014 
