    1  ================
    0.000   -2.148   -1.455   -1.742   -2.061   -1.860    0.491    0.491    0.337    0.491
    0.491    0.491    0.491    0.491    0.491    0.491    0.491    0.491    0.491    0.491
    0.012    0.491    0.491    0.491   -1.087    0.491    0.491    0.491   -1.609    0.337
    0.491    0.491    0.491    0.491    0.491    0.491    0.491    0.337    0.491    0.491
    0.491    0.491    0.491
    2  ================
   -2.148    0.000   -0.995   -1.806   -2.553   -1.806    0.491    0.491    0.491    0.491
    0.491    0.491    0.491    0.491    0.491    0.491    0.491    0.491    0.491    0.491
    0.491    0.491    0.491    0.491    0.491    0.491    0.491    0.491    0.491    0.491
    0.491    0.491    0.491    0.491    0.491    0.491    0.491    0.491    0.491    0.491
    0.491    0.491    0.491
    3  ================
   -1.455   -0.995    0.000   -1.755    0.442   -2.502   -1.167    0.442    0.491    0.491
    0.491    0.491    0.491    0.491    0.491    0.491    0.491    0.491    0.491    0.491
    0.491    0.491    0.491    0.491    0.491    0.086    0.491    0.491    0.491    0.442
    0.491    0.491    0.491    0.491    0.491    0.491    0.491   -1.349    0.491    0.491
    0.491    0.491    0.491
    4  ================
   -1.742   -1.806   -1.755    0.000   -0.944    0.442   -1.349   -0.944    0.491    0.491
    0.491    0.491    0.442    0.491    0.491    0.491    0.491    0.086    0.491    0.491
    0.086    0.491    0.491    0.491    0.491    0.491    0.491    0.491   -1.504    0.491
    0.491    0.491    0.491    0.491    0.491    0.491    0.491    0.491    0.219    0.491
    0.491    0.491    0.491
    5  ================
   -2.061   -2.553    0.442   -0.944    0.000   -1.956    0.491   -0.251   -1.956    0.491
    0.491    0.491    0.491    0.491    0.491    0.491    0.491    0.491    0.491    0.491
    0.491    0.491    0.491    0.491   -1.860   -1.860    0.491    0.491   -1.504    0.491
    0.491    0.491    0.491    0.491    0.491    0.491    0.491    0.491    0.219    0.491
    0.491    0.491    0.491
    6  ================
   -1.860   -1.806   -2.502    0.442   -1.956    0.000   -1.349    0.491   -2.043   -1.860
    0.491    0.491    0.491    0.491    0.491    0.491    0.491    0.491   -0.607    0.491
    0.491    0.491    0.491   -0.607   -1.013    0.491    0.491   -0.251    0.491    0.442
    0.491    0.491    0.491    0.491   -1.504    0.491    0.491    0.491    0.491    0.491
    0.491    0.491   -1.573
    7  ================
    0.491    0.491   -1.167   -1.349    0.491   -1.349    0.000   -1.755    0.491   -1.860
   -2.330    0.442    0.442    0.491    0.491    0.491    0.491    0.086    0.491    0.491
    0.086    0.086    0.491    0.491    0.086    0.491    0.491   -1.349    0.491    0.442
   -1.455   -1.455    0.491    0.491   -1.349    0.491    0.491    0.491    0.491    0.491
    0.491    0.491    0.491
    8  ================
    0.491    0.491    0.442   -0.944   -0.251    0.491   -1.755    0.000   -2.330    0.442
   -1.956   -0.251    0.442    0.491    0.491    0.491    0.491    0.086    0.491    0.491
    0.491    0.491    0.491    0.491   -1.860    0.491    0.491    0.491    0.491    0.491
    0.491   -1.609    0.491    0.491    0.491   -1.860    0.491    0.491    0.219    0.491
    0.219    0.491    0.491
    9  ================
    0.337    0.491    0.491    0.491   -1.956   -2.043    0.491   -2.330    0.000   -1.860
    0.491   -1.860   -0.251    0.491    0.491    0.491    0.491    0.086    0.491    0.491
    0.491   -1.860    0.491    0.491   -1.860    0.491    0.491    0.491    0.491    0.491
    0.491   -0.356    0.491    0.491    0.442    0.491    0.491    0.491    0.491    0.491
    0.219    0.491   -1.573
   10  ================
    0.491    0.491    0.491    0.491    0.491   -1.860   -1.860    0.442   -1.860    0.000
   -1.956    0.442   -0.656   -1.555    0.491   -1.637    0.491   -0.607    0.086    0.491
   -0.607    0.491    0.491    0.086    0.086    0.491    0.491    0.491    0.491    0.491
   -1.455    0.491    0.491   -1.349   -1.504    0.491    0.491    0.442    0.219    0.491
    0.491    0.337   -1.573
   11  ================
    0.491    0.491    0.491    0.491    0.491    0.491   -2.330   -1.956    0.491   -1.956
    0.000   -0.944    0.491    0.491    0.491   -1.637   -1.637    0.086    0.491    0.491
    0.086    0.491    0.491    0.491    0.491    0.491    0.491   -1.349    0.491    0.491
   -1.455    0.491    0.491    0.491    0.491   -1.860    0.491    0.491    0.491    0.442
   -1.167    0.491    0.491
   12  ================
    0.491    0.491    0.491    0.491    0.491    0.491    0.442   -0.251   -1.860    0.442
   -0.944    0.000   -1.860    0.491    0.391    0.491    0.442   -1.860    0.491    0.491
   -1.860   -1.860    0.491    0.491   -1.860    0.491    0.491    0.491    0.491    0.491
    0.491    0.337    0.491    0.491    0.442   -1.860    0.491    0.491    0.219   -0.944
    0.491    0.491    0.491
   13  ================
    0.491    0.491    0.491    0.442    0.491    0.491    0.442    0.442   -0.251   -0.656
    0.491   -1.860    0.000   -2.499    0.391    0.491   -1.860   -2.217    0.086    0.491
   -1.994    0.491    0.491    0.491    0.491    0.491    0.491    0.491    0.491    0.491
    0.491    0.337    0.491    0.491    0.442    0.491    0.491    0.491   -1.167   -1.349
    0.491    0.491   -1.167
   14  ================
    0.491    0.491    0.491    0.491    0.491    0.491    0.491    0.491    0.491   -1.555
    0.491    0.491   -2.499    0.000   -2.094   -2.442   -1.912   -1.934    0.491    0.491
    0.491    0.491    0.491    0.491    0.491    0.491    0.491    0.491    0.491    0.491
    0.491    0.491    0.491    0.491    0.491    0.491    0.491    0.491    0.155    0.491
    0.491    0.280    0.491
   15  ================
    0.491    0.491    0.491    0.491    0.491    0.491    0.491    0.491    0.491    0.491
    0.491    0.391    0.391   -2.094    0.000   -2.442   -1.555   -2.291    0.012    0.491
    0.491    0.491    0.491    0.491    0.491    0.491    0.491    0.491    0.491    0.491
    0.491    0.491    0.491    0.491    0.491    0.491    0.491    0.491    0.491    0.491
    0.491    0.491    0.491
   16  ================
    0.491    0.491    0.491    0.491    0.491    0.491    0.491    0.491    0.491   -1.637
   -1.637    0.491    0.491   -2.442   -2.442    0.000   -2.391    0.491   -1.301   -1.860
    0.086    0.491    0.491    0.086    0.491    0.491    0.491    0.491    0.491   -1.349
   -1.455    0.491    0.491   -1.349    0.491    0.491    0.491    0.491    0.491    0.491
    0.491    0.337    0.491
   17  ================
    0.491    0.491    0.491    0.491    0.491    0.491    0.491    0.491    0.491    0.491
   -1.637    0.442   -1.860   -1.912   -1.555   -2.391    0.000   -2.312    0.491   -1.706
   -1.860    0.491    0.491    0.491    0.491    0.491    0.491    0.491    0.491    0.491
    0.491    0.491    0.491    0.491    0.491    0.491    0.491    0.491   -0.474    0.491
    0.491    0.491   -1.167
   18  ================
    0.491    0.491    0.491    0.086    0.491    0.491    0.086    0.086    0.086   -0.607
    0.086   -1.860   -2.217   -1.934   -2.291    0.491   -2.312    0.000   -1.013    0.491
   -1.706   -2.217    0.491   -0.607    0.491    0.491   -0.607   -0.607    0.491    0.491
   -0.762    0.491    0.491    0.491    0.491    0.491    0.491    0.491   -0.251    0.491
   -0.944    0.491    0.491
   19  ================
    0.491    0.491    0.491    0.491    0.491   -0.607    0.491    0.491    0.491    0.086
    0.491    0.491    0.086    0.491    0.012   -1.301    0.491   -1.013    0.000   -1.706
    0.491   -1.013   -1.013   -0.607    0.491    0.491    0.491   -0.607    0.491    0.491
    0.491    0.491    0.491    0.491    0.491    0.491    0.491    0.491    0.491    0.491
    0.491    0.491    0.491
   20  ================
    0.491    0.491    0.491    0.491    0.491    0.491    0.491    0.491    0.491    0.491
    0.491    0.491    0.491    0.491    0.491   -1.860   -1.706    0.491   -1.706    0.000
   -1.860    0.491   -1.013   -1.301    0.491    0.491    0.491    0.491    0.491    0.491
    0.491    0.491    0.491    0.491    0.491    0.491    0.491    0.491    0.491    0.491
    0.491    0.491    0.491
   21  ================
    0.012    0.491    0.491    0.086    0.491    0.491    0.086    0.491    0.491   -0.607
    0.086   -1.860   -1.994    0.491    0.491    0.086   -1.860   -1.706    0.491   -1.860
    0.000   -1.301   -0.607   -2.312   -1.301    0.491    0.491    0.491    0.491    0.491
    0.491    0.491    0.491    0.491   -1.994    0.491   -0.068   -1.994   -1.637   -1.301
    0.491    0.491   -1.637
   22  ================
    0.491    0.491    0.491    0.491    0.491    0.491    0.086    0.491   -1.860    0.491
    0.491   -1.860    0.491    0.491    0.491    0.491    0.491   -2.217   -1.013    0.491
   -1.301    0.000   -1.013   -0.607   -2.217   -1.524    0.491    0.491    0.491    0.086
    0.491    0.491    0.491    0.491    0.086    0.491   -0.068    0.086   -0.944    0.491
   -0.944    0.491    0.491
   23  ================
    0.491    0.491    0.491    0.491    0.491    0.491    0.491    0.491    0.491    0.491
    0.491    0.491    0.491    0.491    0.491    0.491    0.491    0.491   -1.013   -1.013
   -0.607   -1.013    0.000   -2.312    0.491   -2.479   -1.524    0.491    0.491    0.491
    0.491    0.491    0.491    0.491    0.491    0.491    0.491    0.491    0.491    0.491
    0.491    0.491    0.491
   24  ================
    0.491    0.491    0.491    0.491    0.491   -0.607    0.491    0.491    0.491    0.086
    0.491    0.491    0.491    0.491    0.491    0.086    0.491   -0.607   -0.607   -1.301
   -2.312   -0.607   -2.312    0.000   -2.312    0.491   -0.607   -1.706    0.491    0.491
    0.491    0.491    0.491    0.491   -1.860    0.491    0.491    0.491    0.491    0.491
    0.491   -0.068    0.491
   25  ================
   -1.087    0.491    0.491    0.491   -1.860   -1.013    0.086   -1.860   -1.860    0.086
    0.491   -1.860    0.491    0.491    0.491    0.491    0.491    0.491    0.491    0.491
   -1.301   -2.217    0.491   -2.312    0.000   -0.607    0.491   -1.524   -2.399   -0.607
    0.491   -2.014    0.491    0.086   -2.112   -1.860   -0.068   -0.607   -0.251    0.491
    0.491    0.491    0.491
   26  ================
    0.491    0.491    0.086    0.491   -1.860    0.491    0.491    0.491    0.491    0.491
    0.491    0.491    0.491    0.491    0.491    0.491    0.491    0.491    0.491    0.491
    0.491   -1.524   -2.479    0.491   -0.607    0.000   -1.706    0.491   -1.301   -1.301
   -0.068   -0.068    0.491    0.086    0.086    0.491    0.491    0.086   -0.251    0.491
    0.491    0.491    0.491
   27  ================
    0.491    0.491    0.491    0.491    0.491    0.491    0.491    0.491    0.491    0.491
    0.491    0.491    0.491    0.491    0.491    0.491    0.491   -0.607    0.491    0.491
    0.491    0.491   -1.524   -0.607    0.491   -1.706    0.000   -2.330   -1.349   -1.755
    0.337    0.491    0.491    0.491    0.491    0.491    0.491    0.491    0.491    0.491
    0.491    0.491    0.491
   28  ================
    0.491    0.491    0.491    0.491    0.491   -0.251   -1.349    0.491    0.491    0.491
   -1.349    0.491    0.491    0.491    0.491    0.491    0.491   -0.607   -0.607    0.491
    0.491    0.491    0.491   -1.706   -1.524    0.491   -2.330    0.000   -2.043   -1.637
   -2.436   -1.860    0.491    0.491    0.491    0.491   -0.068    0.442    0.491    0.491
    0.491    0.491    0.491
   29  ================
   -1.609    0.491    0.491   -1.504   -1.504    0.491    0.491    0.491    0.491    0.491
    0.491    0.491    0.491    0.491    0.491    0.491    0.491    0.491    0.491    0.491
    0.491    0.491    0.491    0.491   -2.399   -1.301   -1.349   -2.043    0.000   -2.330
    0.491   -2.436   -1.912    0.442    0.442   -0.607   -0.068    0.491    0.219    0.491
    0.491    0.491    0.491
   30  ================
    0.337    0.491    0.442    0.491    0.491    0.442    0.442    0.491    0.491    0.491
    0.491    0.491    0.491    0.491    0.491   -1.349    0.491    0.491    0.491    0.491
    0.491    0.086    0.491    0.491   -0.607   -1.301   -1.755   -1.637   -2.330    0.000
   -1.860    0.491   -1.806   -1.504    0.442    0.086    0.491   -0.251    0.491    0.491
    0.491    0.491    0.491
   31  ================
    0.491    0.491    0.491    0.491    0.491    0.491   -1.455    0.491    0.491   -1.455
   -1.455    0.491    0.491    0.491    0.491   -1.455    0.491   -0.762    0.491    0.491
    0.491    0.491    0.491    0.491    0.491   -0.068    0.337   -2.436    0.491   -1.860
    0.000   -1.966    0.491   -1.860   -2.228    0.491    0.491    0.491    0.491    0.491
    0.491    0.491    0.491
   32  ================
    0.491    0.491    0.491    0.491    0.491    0.491   -1.455   -1.609   -0.356    0.491
    0.491    0.337    0.337    0.491    0.491    0.491    0.491    0.491    0.491    0.491
    0.491    0.491    0.491    0.491   -2.014   -0.068    0.491   -1.860   -2.436    0.491
   -1.966    0.000   -1.742    0.491   -2.496   -2.371    0.491   -1.455    0.491    0.491
    0.491    0.491    0.491
   33  ================
    0.491    0.491    0.491    0.491    0.491    0.491    0.491    0.491    0.491    0.491
    0.491    0.491    0.491    0.491    0.491    0.491    0.491    0.491    0.491    0.491
    0.491    0.491    0.491    0.491    0.491    0.491    0.491    0.491   -1.912   -1.806
    0.491   -1.742    0.000   -2.442    0.491   -1.087   -0.155   -1.688   -1.637   -0.302
    0.491    0.491    0.219
   34  ================
    0.491    0.491    0.491    0.491    0.491    0.491    0.491    0.491    0.491   -1.349
    0.491    0.491    0.491    0.491    0.491   -1.349    0.491    0.491    0.491    0.491
    0.491    0.491    0.491    0.491    0.086    0.086    0.491    0.491    0.442   -1.504
   -1.860    0.491   -2.442    0.000   -1.860    0.086   -0.762   -0.656   -1.573   -1.637
    0.491    0.491    0.491
   35  ================
    0.491    0.491    0.491    0.491    0.491   -1.504   -1.349    0.491    0.442   -1.504
    0.491    0.442    0.442    0.491    0.491    0.491    0.491    0.491    0.491    0.491
   -1.994    0.086    0.491   -1.860   -2.112    0.086    0.491    0.491    0.442    0.442
   -2.228   -2.496    0.491   -1.860    0.000   -2.112   -0.068   -1.637   -0.474    0.491
    0.491    0.491   -1.573
   36  ================
    0.491    0.491    0.491    0.491    0.491    0.491    0.491   -1.860    0.491    0.491
   -1.860   -1.860    0.491    0.491    0.491    0.491    0.491    0.491    0.491    0.491
    0.491    0.491    0.491    0.491   -1.860    0.491    0.491    0.491   -0.607    0.086
    0.491   -2.371   -1.087    0.086   -2.112    0.000   -1.167   -0.607   -1.349   -1.013
   -1.637    0.491   -0.251
   37  ================
    0.491    0.491    0.491    0.491    0.491    0.491    0.491    0.491    0.491    0.491
    0.491    0.491    0.491    0.491    0.491    0.491    0.491    0.491    0.491    0.491
   -0.068   -0.068    0.491    0.491   -0.068    0.491    0.491   -0.068   -0.068    0.491
    0.491    0.491   -0.155   -0.762   -0.068   -1.167    0.000   -0.762   -0.474   -1.455
   -2.043   -1.455    0.491
   38  ================
    0.337    0.491   -1.349    0.491    0.491    0.491    0.491    0.491    0.491    0.442
    0.491    0.491    0.491    0.491    0.491    0.491    0.491    0.491    0.491    0.491
   -1.994    0.086    0.491    0.491   -0.607    0.086    0.491    0.442    0.491   -0.251
    0.491   -1.455   -1.688   -0.656   -1.637   -0.607   -0.762    0.000   -2.346   -1.504
   -0.474   -1.272   -1.167
   39  ================
    0.491    0.491    0.491    0.219    0.219    0.491    0.491    0.219    0.491    0.219
    0.491    0.219   -1.167    0.155    0.491    0.491   -0.474   -0.251    0.491    0.491
   -1.637   -0.944    0.491    0.491   -0.251   -0.251    0.491    0.491    0.219    0.491
    0.491    0.491   -1.637   -1.573   -0.474   -1.349   -0.474   -2.346    0.000   -2.266
   -0.068    0.086    0.491
   40  ================
    0.491    0.491    0.491    0.491    0.491    0.491    0.491    0.491    0.491    0.491
    0.442   -0.944   -1.349    0.491    0.491    0.491    0.491    0.491    0.491    0.491
   -1.301    0.491    0.491    0.491    0.491    0.491    0.491    0.491    0.491    0.491
    0.491    0.491   -0.302   -1.637    0.491   -1.013   -1.455   -1.504   -2.266    0.000
   -1.860   -1.049    0.219
   41  ================
    0.491    0.491    0.491    0.491    0.491    0.491    0.491    0.219    0.219    0.491
   -1.167    0.491    0.491    0.491    0.491    0.491    0.491   -0.944    0.491    0.491
    0.491   -0.944    0.491    0.491    0.491    0.491    0.491    0.491    0.491    0.491
    0.491    0.491    0.491    0.491    0.491   -1.637   -2.043   -0.474   -0.068   -1.860
    0.000   -1.573    0.491
   42  ================
    0.491    0.491    0.491    0.491    0.491    0.491    0.491    0.491    0.491    0.337
    0.491    0.491    0.491    0.280    0.491    0.337    0.491    0.491    0.491    0.491
    0.491    0.491    0.491   -0.068    0.491    0.491    0.491    0.491    0.491    0.491
    0.491    0.491    0.491    0.491    0.491    0.491   -1.455   -1.272    0.086   -1.049
   -1.573    0.000   -0.474
   43  ================
    0.491    0.491    0.491    0.491    0.491   -1.573    0.491    0.491   -1.573   -1.573
    0.491    0.491   -1.167    0.491    0.491    0.491   -1.167    0.491    0.491    0.491
   -1.637    0.491    0.491    0.491    0.491    0.491    0.491    0.491    0.491    0.491
    0.491    0.491    0.219    0.491   -1.573   -0.251    0.491   -1.167    0.491    0.219
    0.491   -0.474    0.000
