 starting time: Sat Mar  1 15:39:52 2014 
 Target:protein   
 Length:          43
 Number of restraints:          52
 ----------- contact restraints ---------------
   1( 2):   6  29
   2( 0):
   3( 1):  38
   4( 1):  29
   5( 3):  25  26  29
   6( 3):   1  35  43
   7( 4):  28  31  32  35
   8( 3):  25  32  36
   9( 3):  22  25  43
  10( 5):  16  31  34  35  43
  11( 5):  16  17  28  31  36
  12( 5):  18  21  22  25  36
  13( 3):  18  21  40
  14( 0):
  15( 0):
  16( 5):  10  11  30  31  34
  17( 1):  11
  18( 2):  12  13
  19( 0):
  20( 0):
  21( 4):  12  13  35  38
  22( 2):   9  12
  23( 0):
  24( 1):  35
  25( 7):   5   8   9  12  32  35  36
  26( 1):   5
  27( 0):
  28( 2):   7  11
  29( 3):   1   4   5
  30( 1):  16
  31( 4):   7  10  11  16
  32( 4):   7   8  25  38
  33( 2):  38  39
  34( 4):  10  16  39  40
  35( 7):   6   7  10  21  24  25  43
  36( 4):   8  11  12  25
  37( 0):
  38( 4):   3  21  32  33
  39( 2):  33  34
  40( 2):  13  34
  41( 0):
  42( 0):
  43( 4):   6   9  10  35
 Number of contact=         104  Lch=          43
 fc=   2.418605    

 n1_all=         312   <vr>=   3.809865    
 Protein real length..................          43

 Ncycle...............................         501

 Number of runs.......................           1

 number of N_rep......................          40
 N_swap...............................         200
 ncycle*N_swap........................      100200
 local moves each replica:   4308600.    
 total moves in MC..  1.7234400E+08

 .......N_dist........................         191
 .......N_comb........................          52
 .......N_dist/length........   4.441861    
 .......N_comb/length........   1.209302    

 maximum temperture...................   63.89524    
 minimum temperture...................   1.599530    

 Excluded volumn parameter=   23.00000       4.172374    

 ................er1........   3.600000    
 ................er3........  0.7650000    
 ................er4........  0.4500000    
 ................er5........   2.700000    
 ................er6........  0.4500000    
 ................er7........   500.0000    
 ................eh1c.......   1.800000    

 initial random number seed...........         113
 contact order........................   6.142065    

 the first arandom number.............  0.2418118    

 *******************************************
 This is a normal simulation.
 *******************************************

 maximum of Np2(i,j)=          46          46
 number of possible pair=       67272
 sum of Np2(i,j), total memory=     1830000
 E_final=   1014.598    

 <s_comb>=   14.53227    
 <t_comb>=   52.00000    
 s_comb/t_comb=  0.2794667    

 <s_dist>=   165.2096    
 <t_dist>=   191.0000    
 s_dist/t_dist=  0.8649716    

 <s_distL>=   119.4617    
 <t_distL>=   288.0000    
 s_distL/t_distL=  0.4147977    

 <s_combCA>=  0.2880905    
 <t_combCA>=   9.000000    
 s_combCA/t_combCA=  3.2010052E-02

 <s_combCA8>=   13.65669    
 <t_combCA8>=   59.00000    
 s_combCA8/t_combCA8=  0.2314693    


 i_move    move   Na(i)  Nt(i)   Na(i)/Nt(i)
   2   move2a     25997666.0     82785225.0   0.314038
   3   move3s      4464267.0     17197107.0   0.259594
   4   move3d      4193228.0     17209062.0   0.243664
   5   move4s      1789839.0      8649179.0   0.206937
   6   move4d      1615942.0      8583685.0   0.188257
   7   move8             0.0            0.0
   8   move5s      1198636.0      6899077.0   0.173739
   9   move5d      1067932.0      6890613.0   0.154984
  10   move6       1450073.0     13761067.0   0.105375
  11   move_n      1171014.0      5161626.0   0.226869
  12   move_c      1443660.0      5207359.0   0.277235
  13   move7a            0.0            0.0
  14   move7b            0.0            0.0
  15   move9             0.0            0.0

 -------------- E_final, Na_swap/Nt_swap ---------
 i  T(i) final_E(i)  Nsa(i)  Nst(i)  Nsa(i)/Nst(i)
   1   1.60  -718.8          129.0          250.0   0.516000
   2   1.76  -697.0          167.0          251.0   0.665339
   3   1.93  -689.3          166.0          250.0   0.664000
   4   2.12  -675.6          182.0          251.0   0.725100
   5   2.33  -666.4          192.0          250.0   0.768000
   6   2.57  -648.7          168.0          251.0   0.669323
   7   2.82  -674.6          177.0          250.0   0.708000
   8   3.10  -654.6          172.0          251.0   0.685259
   9   3.41  -633.3          164.0          250.0   0.656000
  10   3.75  -617.0          158.0          251.0   0.629482
  11   4.12  -565.1          141.0          250.0   0.564000
  12   4.53  -615.2          150.0          251.0   0.597610
  13   4.97  -435.1          136.0          250.0   0.544000
  14   5.47  -464.9          140.0          251.0   0.557769
  15   6.01  -395.0          140.0          250.0   0.560000
  16   6.61  -300.3          126.0          251.0   0.501992
  17   7.26  -270.6          135.0          250.0   0.540000
  18   7.98  -213.0          131.0          251.0   0.521912
  19   8.77  -111.1          121.0          250.0   0.484000
  20   9.64    47.2          114.0          251.0   0.454183
  21  10.60   110.9          121.0          250.0   0.484000
  22  11.65    84.2          139.0          251.0   0.553785
  23  12.81   405.5          140.0          250.0   0.560000
  24  14.08   408.3          156.0          251.0   0.621514
  25  15.47   307.5          160.0          250.0   0.640000
  26  17.01   638.1          185.0          251.0   0.737052
  27  18.69   529.6          182.0          250.0   0.728000
  28  20.55   639.5          190.0          251.0   0.756972
  29  22.58   643.8          201.0          250.0   0.804000
  30  24.82   659.0          202.0          251.0   0.804781
  31  27.28   686.9          214.0          250.0   0.856000
  32  29.99   709.3          215.0          251.0   0.856574
  33  32.96   907.2          223.0          250.0   0.892000
  34  36.23   891.7          211.0          251.0   0.840637
  35  39.82   861.8          221.0          250.0   0.884000
  36  43.77   932.2          223.0          251.0   0.888446
  37  48.11   942.3          224.0          250.0   0.896000
  38  52.89   863.4          227.0          251.0   0.904382
  39  58.13  1066.8          235.0          250.0   0.940000
  40  63.90  1014.6            0.0            0.0

 ------------ <energy>, Na(i)/Nt(i) ----------------
 i_rep  T   <E>   NNa(i_temp)  NNt(i_temp)  Na/Nt           <ESHORT12>
   1   1.60  -682.1        448.493     17456.0   4308600.0   0.004051     0.0
   2   1.76  -667.6        586.464     23106.0   4308600.0   0.005363     0.0
   3   1.93  -657.2        676.436     27684.0   4308600.0   0.006425     0.0
   4   2.12  -648.4        533.242     33624.0   4308600.0   0.007804     0.0
   5   2.33  -639.3        640.798     41135.0   4308600.0   0.009547     0.0
   6   2.57  -631.9        545.748     48770.0   4308600.0   0.011319     0.0
   7   2.82  -619.6        491.547     57908.0   4308600.0   0.013440     0.0
   8   3.10  -609.0        340.959     67549.0   4308600.0   0.015678     0.0
   9   3.41  -594.1        336.419     79228.0   4308600.0   0.018388     0.0
  10   3.75  -576.4        265.246     94391.0   4308600.0   0.021908     0.0
  11   4.12  -556.5        244.242    110169.0   4308600.0   0.025570     0.0
  12   4.53  -523.1        232.190    133855.0   4308600.0   0.031067     0.0
  13   4.97  -499.1        159.243    157701.0   4308600.0   0.036601     0.0
  14   5.47  -459.0        148.146    191998.0   4308600.0   0.044562     0.0
  15   6.01  -417.8        121.518    226789.0   4308600.0   0.052636     0.0
  16   6.61  -360.1        115.835    277461.0   4308600.0   0.064397     0.0
  17   7.26  -291.3        123.881    337857.0   4308600.0   0.078415     0.0
  18   7.98  -228.9        115.480    402316.0   4308600.0   0.093375     0.0
  19   8.77  -147.5        125.216    485100.0   4308600.0   0.112589     0.0
  20   9.64   -49.5        107.489    581427.0   4308600.0   0.134946     0.0
  21  10.60    59.5        110.215    702542.0   4308600.0   0.163056     0.0
  22  11.65   156.9         93.332    835935.0   4308600.0   0.194015     0.0
  23  12.81   260.0         75.754    997885.0   4308600.0   0.231603     0.0
  24  14.08   368.9         74.444   1166102.0   4308600.0   0.270645     0.0
  25  15.47   462.9         50.035   1339538.0   4308600.0   0.310899     0.0
  26  17.01   522.0         35.260   1514280.0   4308600.0   0.351455     0.0
  27  18.69   580.0         25.881   1670951.0   4308600.0   0.387818     0.0
  28  20.55   629.5         22.621   1834261.0   4308600.0   0.425721     0.0
  29  22.58   674.7         15.626   1985823.0   4308600.0   0.460898     0.0
  30  24.82   703.6         12.458   2116354.0   4308600.0   0.491193     0.0
  31  27.28   741.9         11.899   2247360.0   4308600.0   0.521599     0.0
  32  29.99   773.6          8.037   2362255.0   4308600.0   0.548265     0.0
  33  32.96   799.0          8.160   2479031.0   4308600.0   0.575368     0.0
  34  36.23   816.0          5.824   2581358.0   4308600.0   0.599118     0.0
  35  39.82   848.3          5.476   2673264.0   4308600.0   0.620448     0.0
  36  43.77   869.1          4.155   2757663.0   4308600.0   0.640037     0.0
  37  48.11   888.8          3.756   2833984.0   4308600.0   0.657751     0.0
  38  52.89   906.6          3.461   2908962.0   4308600.0   0.675152     0.0
  39  58.13   938.9          3.781   2963267.0   4308600.0   0.687756     0.0
  40  63.90   951.4          2.666   3025918.0   4308600.0   0.702297     0.0
 E_min=  -730.9442    

 ncycle_max=         501
 ncycle_real=         501

 hour_max=   50.00000    
 hour_real=  0.5371028    

 ending time: Sat Mar  1 16:12:18 2014 
