 starting time: Sat Mar  1 16:12:20 2014 
 Target:protein   
 Length:          43
 Number of restraints:          52
 ----------- contact restraints ---------------
   1( 2):   6  29
   2( 0):
   3( 1):  38
   4( 1):  29
   5( 3):  25  26  29
   6( 3):   1  35  43
   7( 4):  28  31  32  35
   8( 3):  25  32  36
   9( 3):  22  25  43
  10( 5):  16  31  34  35  43
  11( 5):  16  17  28  31  36
  12( 5):  18  21  22  25  36
  13( 3):  18  21  40
  14( 0):
  15( 0):
  16( 5):  10  11  30  31  34
  17( 1):  11
  18( 2):  12  13
  19( 0):
  20( 0):
  21( 4):  12  13  35  38
  22( 2):   9  12
  23( 0):
  24( 1):  35
  25( 7):   5   8   9  12  32  35  36
  26( 1):   5
  27( 0):
  28( 2):   7  11
  29( 3):   1   4   5
  30( 1):  16
  31( 4):   7  10  11  16
  32( 4):   7   8  25  38
  33( 2):  38  39
  34( 4):  10  16  39  40
  35( 7):   6   7  10  21  24  25  43
  36( 4):   8  11  12  25
  37( 0):
  38( 4):   3  21  32  33
  39( 2):  33  34
  40( 2):  13  34
  41( 0):
  42( 0):
  43( 4):   6   9  10  35
 Number of contact=         104  Lch=          43
 fc=   2.418605    

 n1_all=         312   <vr>=   3.809865    
 Protein real length..................          43

 Ncycle...............................         501

 Number of runs.......................           1

 number of N_rep......................          40
 N_swap...............................         200
 ncycle*N_swap........................      100200
 local moves each replica:   4308600.    
 total moves in MC..  1.7234400E+08

 .......N_dist........................         191
 .......N_comb........................          52
 .......N_dist/length........   4.441861    
 .......N_comb/length........   1.209302    

 maximum temperture...................   63.89524    
 minimum temperture...................   1.599530    

 Excluded volumn parameter=   23.00000       4.172374    

 ................er1........   3.600000    
 ................er3........  0.7650000    
 ................er4........  0.4500000    
 ................er5........   2.700000    
 ................er6........  0.4500000    
 ................er7........   500.0000    
 ................eh1c.......   1.800000    

 initial random number seed...........         126
 contact order........................   6.142065    

 the first arandom number.............  0.9420393    

 *******************************************
 This is a normal simulation.
 *******************************************

 maximum of Np2(i,j)=          46          46
 number of possible pair=       67272
 sum of Np2(i,j), total memory=     1830000
 E_final=   1017.235    

 <s_comb>=   15.43446    
 <t_comb>=   52.00000    
 s_comb/t_comb=  0.2968166    

 <s_dist>=   161.9588    
 <t_dist>=   191.0000    
 s_dist/t_dist=  0.8479516    

 <s_distL>=   117.7745    
 <t_distL>=   288.0000    
 s_distL/t_distL=  0.4089391    

 <s_combCA>=  0.4417831    
 <t_combCA>=   9.000000    
 s_combCA/t_combCA=  4.9087007E-02

 <s_combCA8>=   13.60346    
 <t_combCA8>=   59.00000    
 s_combCA8/t_combCA8=  0.2305671    


 i_move    move   Na(i)  Nt(i)   Na(i)/Nt(i)
   2   move2a     26019106.0     82784469.0   0.314299
   3   move3s      4473448.0     17198636.0   0.260105
   4   move3d      4200526.0     17203200.0   0.244171
   5   move4s      1792451.0      8652304.0   0.207165
   6   move4d      1616373.0      8578133.0   0.188429
   7   move8             0.0            0.0
   8   move5s      1197559.0      6895965.0   0.173661
   9   move5d      1069266.0      6894163.0   0.155097
  10   move6       1451394.0     13759399.0   0.105484
  11   move_n      1174558.0      5168309.0   0.227262
  12   move_c      1446286.0      5209422.0   0.277629
  13   move7a            0.0            0.0
  14   move7b            0.0            0.0
  15   move9             0.0            0.0

 -------------- E_final, Na_swap/Nt_swap ---------
 i  T(i) final_E(i)  Nsa(i)  Nst(i)  Nsa(i)/Nst(i)
   1   1.60  -688.1          179.0          250.0   0.716000
   2   1.76  -703.4          165.0          251.0   0.657371
   3   1.93  -697.1          175.0          250.0   0.700000
   4   2.12  -648.9          165.0          251.0   0.657371
   5   2.33  -678.5          179.0          250.0   0.716000
   6   2.57  -645.1          168.0          251.0   0.669323
   7   2.82  -674.2          170.0          250.0   0.680000
   8   3.10  -650.8          173.0          251.0   0.689243
   9   3.41  -671.6          169.0          250.0   0.676000
  10   3.75  -582.3          149.0          251.0   0.593625
  11   4.12  -586.5          151.0          250.0   0.604000
  12   4.53  -538.6          149.0          251.0   0.593625
  13   4.97  -507.0          146.0          250.0   0.584000
  14   5.47  -405.9          130.0          251.0   0.517928
  15   6.01  -401.1          143.0          250.0   0.572000
  16   6.61  -359.1          138.0          251.0   0.549801
  17   7.26  -316.3          127.0          250.0   0.508000
  18   7.98  -359.6          115.0          251.0   0.458167
  19   8.77   -78.4          134.0          250.0   0.536000
  20   9.64   -92.0          121.0          251.0   0.482072
  21  10.60    -9.9          129.0          250.0   0.516000
  22  11.65   212.8          127.0          251.0   0.505976
  23  12.81   291.8          139.0          250.0   0.556000
  24  14.08   399.0          140.0          251.0   0.557769
  25  15.47   537.2          182.0          250.0   0.728000
  26  17.01   483.1          181.0          251.0   0.721116
  27  18.69   712.4          192.0          250.0   0.768000
  28  20.55   736.9          200.0          251.0   0.796813
  29  22.58   727.4          188.0          250.0   0.752000
  30  24.82   793.3          201.0          251.0   0.800797
  31  27.28   743.6          197.0          250.0   0.788000
  32  29.99   833.2          212.0          251.0   0.844622
  33  32.96   843.5          210.0          250.0   0.840000
  34  36.23   873.5          216.0          251.0   0.860558
  35  39.82   873.0          215.0          250.0   0.860000
  36  43.77   686.5          223.0          251.0   0.888446
  37  48.11  1001.6          218.0          250.0   0.872000
  38  52.89   753.9          228.0          251.0   0.908367
  39  58.13   948.9          222.0          250.0   0.888000
  40  63.90  1017.2            0.0            0.0

 ------------ <energy>, Na(i)/Nt(i) ----------------
 i_rep  T   <E>   NNa(i_temp)  NNt(i_temp)  Na/Nt           <ESHORT12>
   1   1.60  -671.7        276.444     19755.0   4308600.0   0.004585     0.0
   2   1.76  -664.8        455.836     23551.0   4308600.0   0.005466     0.0
   3   1.93  -657.4        522.385     28720.0   4308600.0   0.006666     0.0
   4   2.12  -650.0        378.805     35094.0   4308600.0   0.008145     0.0
   5   2.33  -639.8        416.960     41993.0   4308600.0   0.009746     0.0
   6   2.57  -630.3        487.480     50198.0   4308600.0   0.011651     0.0
   7   2.82  -618.6        400.609     59035.0   4308600.0   0.013702     0.0
   8   3.10  -607.3        302.084     69913.0   4308600.0   0.016226     0.0
   9   3.41  -593.6        306.807     80006.0   4308600.0   0.018569     0.0
  10   3.75  -579.2        232.157     95231.0   4308600.0   0.022103     0.0
  11   4.12  -553.5        207.187    112885.0   4308600.0   0.026200     0.0
  12   4.53  -525.6        197.997    132638.0   4308600.0   0.030784     0.0
  13   4.97  -494.4        162.174    159221.0   4308600.0   0.036954     0.0
  14   5.47  -460.0        147.332    191569.0   4308600.0   0.044462     0.0
  15   6.01  -406.4        138.899    231871.0   4308600.0   0.053816     0.0
  16   6.61  -356.5        119.772    274859.0   4308600.0   0.063793     0.0
  17   7.26  -295.6        118.167    334563.0   4308600.0   0.077650     0.0
  18   7.98  -230.3        108.304    399948.0   4308600.0   0.092826     0.0
  19   8.77  -141.1        132.630    485157.0   4308600.0   0.112602     0.0
  20   9.64   -53.0        107.366    581730.0   4308600.0   0.135016     0.0
  21  10.60    48.0        108.419    702385.0   4308600.0   0.163019     0.0
  22  11.65   161.7         91.582    836903.0   4308600.0   0.194240     0.0
  23  12.81   272.9         82.149    998831.0   4308600.0   0.231823     0.0
  24  14.08   366.3         79.297   1162841.0   4308600.0   0.269888     0.0
  25  15.47   469.0         48.615   1350863.0   4308600.0   0.313527     0.0
  26  17.01   521.1         32.225   1510197.0   4308600.0   0.350508     0.0
  27  18.69   578.1         26.261   1679042.0   4308600.0   0.389695     0.0
  28  20.55   635.8         18.583   1837231.0   4308600.0   0.426410     0.0
  29  22.58   666.8         15.404   1984278.0   4308600.0   0.460539     0.0
  30  24.82   702.4         14.352   2118567.0   4308600.0   0.491707     0.0
  31  27.28   736.1         10.773   2248856.0   4308600.0   0.521946     0.0
  32  29.99   773.8          7.767   2363748.0   4308600.0   0.548612     0.0
  33  32.96   796.6          7.481   2475978.0   4308600.0   0.574660     0.0
  34  36.23   821.0          6.645   2581922.0   4308600.0   0.599248     0.0
  35  39.82   850.1          5.730   2673263.0   4308600.0   0.620448     0.0
  36  43.77   867.8          4.419   2759662.0   4308600.0   0.640501     0.0
  37  48.11   892.2          4.146   2841344.0   4308600.0   0.659459     0.0
  38  52.89   914.9          3.952   2910386.0   4308600.0   0.675483     0.0
  39  58.13   935.4          3.438   2967520.0   4308600.0   0.688743     0.0
  40  63.90   950.2          2.899   3029213.0   4308600.0   0.703062     0.0
 E_min=  -716.5507    

 ncycle_max=         501
 ncycle_real=         501

 hour_max=   50.00000    
 hour_real=  0.5692647    

 ending time: Sat Mar  1 16:46:55 2014 
