288
    1    11   15.669
    1    11   14.848
    1    11   16.251
    1    11   15.669
    1    21   16.224
    1    21    8.425
    1    21   16.224
    1    21   16.224
    1    31   11.363
    1    31   14.483
    1    31   16.007
    1    31   11.363
    1    41   24.710
    1    41   12.258
    1    41   10.864
    1    41   10.864
    2    12   14.886
    2    12   13.767
    2    12   15.775
    2    12   14.886
    2    22   12.285
    2    22   13.360
    2    22   12.285
    2    22   12.285
    2    32   11.541
    2    32   17.096
    2    32   13.165
    2    32   11.541
    2    42   26.955
    2    42   16.720
    2    42   11.378
    2    42   26.955
    3    13   22.731
    3    13   10.383
    3    13   15.273
    3    13   22.731
    3    23   15.115
    3    23   15.830
    3    23   15.115
    3    23   15.115
    3    33   13.756
    3    33   19.056
    3    33   12.532
    3    33   13.756
    3    43   28.566
    3    43   19.524
    3    43    9.589
    3    43   28.566
    4    14   22.596
    4    14   11.104
    4    14   15.522
    4    14   22.596
    4    24   12.394
    4    24   12.249
    4    24   12.394
    4    24   12.394
    4    34   12.992
    4    34   14.556
    4    34   14.176
    4    34   12.992
    5    15   18.009
    5    15   13.683
    5    15   15.229
    5    15   18.009
    5    25    5.900
    5    25   13.867
    5    25    5.900
    5    25    5.900
    5    35   11.266
    5    35   11.284
    5    35   11.969
    5    35   11.266
    6    16   18.948
    6    16   16.425
    6    16   13.137
    6    16   18.948
    6    26    9.166
    6    26   20.153
    6    26    9.166
    6    26    9.166
    6    36   12.675
    6    36   14.493
    6    36   12.675
    6    36   12.675
    7    17   17.660
    7    17   10.263
    7    17   10.114
    7    17   17.660
    7    27   14.397
    7    27   21.411
    7    27   10.761
    7    27   14.397
    7    37   13.997
    7    37   15.936
    7    37   13.997
    7    37   13.997
    8    18   11.666
    8    18    8.322
    8    18   11.666
    8    18   11.666
    8    28   11.077
    8    28   20.775
    8    28    9.516
    8    28   11.077
    8    38   12.259
    8    38   12.151
    8    38   14.225
    8    38   12.259
    9    19   10.149
    9    19   15.625
    9    19   10.149
    9    19   10.149
    9    29    9.628
    9    29   25.121
    9    29   14.753
    9    29    9.628
    9    39   10.990
    9    39   10.106
    9    39   16.151
    9    39   15.581
   10    20   14.037
   10    20   17.602
   10    20   14.037
   10    20   14.037
   10    30   15.488
   10    30   24.590
   10    30   11.007
   10    30   15.488
   10    40   12.956
   10    40   13.933
   10    40   11.631
   10    40   14.511
   11    21   10.605
   11    21   14.892
   11    21   10.605
   11    21   10.605
   11    31   13.605
   11    31   24.036
   11    31    6.876
   11    31   13.605
   11    41   13.322
   11    41   13.466
   11    41   16.005
   11    41   16.005
   12    22    7.355
   12    22   15.859
   12    22    7.355
   12    22    7.355
   12    32    9.876
   12    32   21.905
   12    32   13.305
   12    32    9.876
   12    42   12.739
   12    42   18.528
   12    42   15.267
   12    42   12.739
   13    23   14.422
   13    23   14.701
   13    23   14.422
   13    23   14.422
   13    33   17.484
   13    33   20.185
   13    33   15.957
   13    33   17.484
   13    43    9.963
   13    43   18.153
   13    43   10.347
   13    43    9.963
   14    24   15.876
   14    24   15.549
   14    24   15.876
   14    24   15.876
   14    34   19.200
   14    34   20.954
   14    34   11.065
   14    34   19.200
   15    25   15.241
   15    25   15.470
   15    25   15.241
   15    25   15.241
   15    35   15.860
   15    35   15.347
   15    35   13.811
   15    35   15.860
   16    26   15.075
   16    26   15.029
   16    26   15.075
   16    26   15.075
   16    36   15.632
   16    36   16.154
   16    36   15.632
   16    36   15.632
   17    27   15.482
   17    27   15.378
   17    27    3.805
   17    27   15.482
   17    37   13.816
   17    37   17.785
   17    37   13.816
   17    37   13.816
   18    28   15.474
   18    28   15.514
   18    28   15.474
   18    28   15.474
   18    38   11.654
   18    38   12.822
   18    38   11.654
   18    38   11.654
   19    29   14.724
   19    29   15.410
   19    29   14.724
   19    29   14.724
   19    39   11.365
   19    39   12.362
   19    39   13.705
   19    39   30.820
   20    30   15.784
   20    30   13.841
   20    30   15.784
   20    30   15.784
   20    40   13.543
   20    40   16.815
   20    40   13.400
   20    40    9.826
   21    31   10.262
   21    31   13.059
   21    31   10.262
   21    31   10.262
   21    41   12.520
   21    41   13.410
   21    41   10.877
   21    41   31.003
   22    32    9.452
   22    32    8.062
   22    32    9.452
   22    32    9.452
   22    42   17.907
   22    42   12.871
   22    42   17.907
   22    42   15.627
   23    33   14.379
   23    33   13.109
   23    33   14.379
   23    33   14.379
   23    43   21.367
   23    43   14.423
   23    43   21.367
   23    43   16.364
   24    34   10.552
   24    34   13.296
   24    34   10.552
   24    34   10.552
   25    35    7.541
   25    35    7.133
   25    35    7.541
   25    35    7.541
   26    36   13.069
   26    36   11.422
   26    36   13.069
   26    36   13.069
   27    37   17.024
   27    37   17.020
   27    37   17.024
   27    37   17.024
   28    38   15.053
   28    38   13.862
   28    38   12.074
   28    38   15.053
   29    39   14.523
   29    39   16.035
   29    39   12.370
   29    39   19.474
   30    40   17.279
   30    40   14.946
   30    40   12.683
   30    40   21.151
   31    41   15.774
   31    41   13.627
   31    41   12.387
   31    41   12.387
   32    42   17.951
   32    42    9.928
   32    42   11.511
   32    42   17.951
   33    43   18.685
   33    43    5.637
   33    43   12.503
   33    43   18.685
