191
    1     3    18    5.708    0.402
    1     4    18    7.083    1.664
    1     5    18    7.225    0.968
    1     6    18    8.057    0.722
    1     7    18   10.409    0.378
    2     4    19    5.339    0.122
    2     5    19    5.276    0.453
    2     6    19    6.321    0.403
    2     7    19    8.754    0.322
    2     8    19    9.944    0.256
    3     5    20    5.452    0.194
    3     6    20    5.127    0.802
    3     7    20    6.193    0.386
    3     8    20    8.401    0.308
    3     9    20    9.739    0.227
    4     6    20    5.426    0.120
    4     7    20    5.244    0.183
    4     8    20    6.109    0.165
    4     9    20    8.497    0.208
    4    10    19    9.955    0.173
    5     7    20    5.484    0.118
    5     8    20    5.026    0.297
    5     9    20    5.938    0.206
    5    10    19    8.508    0.102
    5    11    19    9.905    0.182
    6     8    20    5.473    0.137
    6     9    20    5.108    0.087
    6    10    19    6.135    0.115
    6    11    19    8.649    0.111
    6    12    19    9.911    0.316
    7     9    20    5.410    0.053
    7    10    19    5.165    0.149
    7    11    19    6.268    0.166
    7    12    19    8.570    0.823
    7    13    12    9.802    1.155
    8    10    19    5.540    0.122
    8    11    19    5.257    0.403
    8    12    19    6.420    0.493
    8    13    12    8.804    0.997
    8    14    11   10.854    1.344
    9    11    19    5.413    0.134
    9    12    19    5.315    0.611
    9    13    12    6.788    0.857
    9    14    11    9.547    1.326
    9    15    11   11.094    1.380
   10    12    20    5.398    0.166
   10    13    13    5.754    0.814
   10    14    12    7.305    1.722
   10    15    12    8.758    1.649
   10    16    10    9.370    2.558
   11    13    13    5.608    0.503
   11    14    12    6.543    1.568
   11    15    12    7.047    1.967
   11    16    10    7.386    3.293
   11    17    10    7.358    2.307
   12    14    12    6.273    0.462
   12    15    12    7.152    1.864
   12    16    10    8.922    1.698
   12    17    10    8.591    0.572
   13    15    19    6.254    0.466
   13    16    17    8.142    0.126
   13    17    17    7.648    2.103
   13    18    10    6.216    0.057
   13    19    10    9.679    0.072
   14    16    17    5.486    0.189
   14    17    17    6.596    1.507
   14    18    10    6.295    0.130
   14    19    10    8.642    0.115
   14    20    10   10.009    0.198
   15    17    17    5.576    0.200
   15    18    10    5.088    0.136
   15    19    10    6.027    0.029
   15    20    10    8.519    0.073
   15    21    10   10.017    0.163
   16    18    13    5.426    0.259
   16    19    13    5.011    0.253
   16    20    13    6.251    0.199
   16    21    13    8.898    0.307
   16    22    13   10.207    0.615
   17    19    13    5.407    0.094
   17    20    13    5.101    0.216
   17    21    13    6.633    0.769
   17    22    13    9.033    1.058
   17    23    11    9.885    0.044
   18    20    14    5.301    0.201
   18    21    14    5.332    0.289
   18    22    14    6.503    1.083
   18    23    12    8.482    0.127
   18    24    12    9.942    0.055
   19    21    14    5.548    0.127
   19    22    14    5.463    0.710
   19    23    12    6.033    0.109
   19    24    12    8.583    0.051
   19    25    12    9.875    0.063
   20    22    14    5.635    0.283
   20    23    12    5.253    0.100
   20    24    12    6.286    0.120
   20    25    12    8.719    0.076
   20    26    12    9.817    0.083
   21    23    12    5.489    0.071
   21    24    12    5.170    0.041
   21    25    12    6.253    0.070
   21    26    12    8.573    0.049
   21    27    12    9.946    0.091
   22    24    12    5.415    0.036
   22    25    12    5.033    0.114
   22    26    12    6.019    0.075
   22    27    12    8.601    0.068
   22    28    12    9.919    0.056
   23    25    14    5.324    0.142
   23    26    14    4.832    0.135
   23    27    14    6.208    0.148
   23    28    14    8.625    0.097
   23    29    14    9.856    0.044
   24    26    14    5.366    0.049
   24    27    14    5.146    0.165
   24    28    14    6.225    0.108
   24    29    14    8.248    0.495
   24    30    14    9.708    0.462
   25    27    14    5.416    0.105
   25    28    14    5.141    0.117
   25    29    14    5.537    0.660
   25    30    14    7.643    1.081
   25    31    12    7.787    1.223
   26    28    14    5.614    0.224
   26    29    14    5.834    0.621
   26    30    14    7.849    2.177
   26    31    12    8.922    1.559
   26    32    12    9.375    0.846
   27    29    20    5.958    0.513
   27    30    20    6.823    1.841
   27    31    18    7.561    1.437
   27    32    18    9.522    0.808
   27    33    18   11.742    1.903
   28    30    20    5.432    0.198
   28    31    18    5.799    1.243
   28    32    18    7.287    1.556
   28    33    18    9.824    1.575
   28    34    18   10.570    0.881
   29    31    18    5.526    0.418
   29    32    18    5.643    1.101
   29    33    18    7.401    1.725
   29    34    18    9.226    1.032
   29    35    18    9.621    0.280
   30    32    18    5.606    0.270
   30    33    18    6.331    1.224
   30    34    18    7.512    1.245
   30    35    18    9.019    0.812
   30    36    12   10.916    0.577
   31    33    18    5.616    0.111
   31    34    18    5.603    0.821
   31    35    18    6.364    0.832
   31    36    12    8.864    0.385
   31    37    10   10.133    0.117
   32    34    18    5.432    0.075
   32    35    18    5.010    0.136
   32    36    12    6.211    0.601
   32    37    10    8.715    0.575
   32    38    10    9.838    0.236
   33    35    19    5.580    0.226
   33    36    13    5.485    0.468
   33    37    11    6.740    0.807
   33    38    11    9.033    0.395
   33    39     5   10.897    0.857
   34    36    14    5.469    0.126
   34    37    12    5.434    0.718
   34    38    12    6.676    1.166
   34    39     6    9.480    1.326
   34    40     6   11.118    2.282
   35    37    12    5.501    0.089
   35    38    12    5.483    1.106
   35    39     6    7.206    1.890
   35    40     6    9.712    2.325
   35    41     6   11.155    3.233
   36    38    12    5.496    0.390
   36    39     6    6.099    1.736
   36    40     6    7.360    2.665
   36    41     6    9.416    3.648
   36    42     5   10.918    4.051
   37    39     6    5.709    0.374
   37    40     6    5.880    1.747
   37    41     6    7.338    2.694
   37    42     5    9.550    2.531
   38    40    14    5.601    0.512
   38    41    12    5.744    1.653
   38    42     5    8.170    2.496
   39    41    12    5.723    0.501
   39    42     5    6.913    1.806
   40    42     9    5.679    0.503
   40    43     7    6.279    1.596
   41    43     7    5.869    0.627
