 starting time: Sat Mar  1 17:20:19 2014 
 Target:protein   
 Length:          43
 Number of restraints:          52
 ----------- contact restraints ---------------
   1( 2):   6  29
   2( 0):
   3( 1):  38
   4( 1):  29
   5( 3):  25  26  29
   6( 3):   1  35  43
   7( 4):  28  31  32  35
   8( 3):  25  32  36
   9( 3):  22  25  43
  10( 5):  16  31  34  35  43
  11( 5):  16  17  28  31  36
  12( 5):  18  21  22  25  36
  13( 3):  18  21  40
  14( 0):
  15( 0):
  16( 5):  10  11  30  31  34
  17( 1):  11
  18( 2):  12  13
  19( 0):
  20( 0):
  21( 4):  12  13  35  38
  22( 2):   9  12
  23( 0):
  24( 1):  35
  25( 7):   5   8   9  12  32  35  36
  26( 1):   5
  27( 0):
  28( 2):   7  11
  29( 3):   1   4   5
  30( 1):  16
  31( 4):   7  10  11  16
  32( 4):   7   8  25  38
  33( 2):  38  39
  34( 4):  10  16  39  40
  35( 7):   6   7  10  21  24  25  43
  36( 4):   8  11  12  25
  37( 0):
  38( 4):   3  21  32  33
  39( 2):  33  34
  40( 2):  13  34
  41( 0):
  42( 0):
  43( 4):   6   9  10  35
 Number of contact=         104  Lch=          43
 fc=   2.418605    

 n1_all=         312   <vr>=   3.809865    
 Protein real length..................          43

 Ncycle...............................         501

 Number of runs.......................           1

 number of N_rep......................          40
 N_swap...............................         200
 ncycle*N_swap........................      100200
 local moves each replica:   4308600.    
 total moves in MC..  1.7234400E+08

 .......N_dist........................         191
 .......N_comb........................          52
 .......N_dist/length........   4.441861    
 .......N_comb/length........   1.209302    

 maximum temperture...................   63.89524    
 minimum temperture...................   1.599530    

 Excluded volumn parameter=   23.00000       4.172374    

 ................er1........   3.600000    
 ................er3........  0.7650000    
 ................er4........  0.4500000    
 ................er5........   2.700000    
 ................er6........  0.4500000    
 ................er7........   500.0000    
 ................eh1c.......   1.800000    

 initial random number seed...........         152
 contact order........................   6.142065    

 the first arandom number.............  0.8385529    

 *******************************************
 This is a normal simulation.
 *******************************************

 maximum of Np2(i,j)=          46          46
 number of possible pair=       67272
 sum of Np2(i,j), total memory=     1830000
 E_final=   799.2506    

 <s_comb>=   14.27345    
 <t_comb>=   52.00000    
 s_comb/t_comb=  0.2744895    

 <s_dist>=   162.0166    
 <t_dist>=   191.0000    
 s_dist/t_dist=  0.8482546    

 <s_distL>=   119.0020    
 <t_distL>=   288.0000    
 s_distL/t_distL=  0.4132014    

 <s_combCA>=  0.2341983    
 <t_combCA>=   9.000000    
 s_combCA/t_combCA=  2.6022028E-02

 <s_combCA8>=   13.07917    
 <t_combCA8>=   59.00000    
 s_combCA8/t_combCA8=  0.2216809    


 i_move    move   Na(i)  Nt(i)   Na(i)/Nt(i)
   2   move2a     25997540.0     82781397.0   0.314051
   3   move3s      4463901.0     17201242.0   0.259510
   4   move3d      4196047.0     17210655.0   0.243805
   5   move4s      1791477.0      8650372.0   0.207098
   6   move4d      1616504.0      8578816.0   0.188430
   7   move8             0.0            0.0
   8   move5s      1197740.0      6894227.0   0.173731
   9   move5d      1067925.0      6893733.0   0.154912
  10   move6       1452341.0     13765448.0   0.105506
  11   move_n      1172096.0      5159597.0   0.227168
  12   move_c      1448417.0      5208513.0   0.278086
  13   move7a            0.0            0.0
  14   move7b            0.0            0.0
  15   move9             0.0            0.0

 -------------- E_final, Na_swap/Nt_swap ---------
 i  T(i) final_E(i)  Nsa(i)  Nst(i)  Nsa(i)/Nst(i)
   1   1.60  -710.6          147.0          250.0   0.588000
   2   1.76  -711.5          166.0          251.0   0.661355
   3   1.93  -706.9          162.0          250.0   0.648000
   4   2.12  -679.7          162.0          251.0   0.645418
   5   2.33  -655.0          153.0          250.0   0.612000
   6   2.57  -660.4          177.0          251.0   0.705179
   7   2.82  -661.8          164.0          250.0   0.656000
   8   3.10  -611.1          189.0          251.0   0.752988
   9   3.41  -654.1          172.0          250.0   0.688000
  10   3.75  -630.4          154.0          251.0   0.613546
  11   4.12  -565.2          154.0          250.0   0.616000
  12   4.53  -583.4          159.0          251.0   0.633466
  13   4.97  -481.2          162.0          250.0   0.648000
  14   5.47  -522.3          143.0          251.0   0.569721
  15   6.01  -441.6          127.0          250.0   0.508000
  16   6.61  -377.7          134.0          251.0   0.533865
  17   7.26  -415.8          124.0          250.0   0.496000
  18   7.98  -227.8          130.0          251.0   0.517928
  19   8.77  -326.0          134.0          250.0   0.536000
  20   9.64   -39.3          121.0          251.0   0.482072
  21  10.60    64.1          125.0          250.0   0.500000
  22  11.65    80.5          147.0          251.0   0.585657
  23  12.81   237.1          125.0          250.0   0.500000
  24  14.08   250.5          150.0          251.0   0.597610
  25  15.47   517.2          156.0          250.0   0.624000
  26  17.01   470.5          177.0          251.0   0.705179
  27  18.69   481.0          180.0          250.0   0.720000
  28  20.55   648.3          190.0          251.0   0.756972
  29  22.58   717.6          209.0          250.0   0.836000
  30  24.82   631.0          197.0          251.0   0.784861
  31  27.28   767.5          209.0          250.0   0.836000
  32  29.99   695.5          209.0          251.0   0.832669
  33  32.96   678.7          214.0          250.0   0.856000
  34  36.23   825.0          218.0          251.0   0.868526
  35  39.82   936.1          224.0          250.0   0.896000
  36  43.77   832.5          217.0          251.0   0.864542
  37  48.11   804.7          226.0          250.0   0.904000
  38  52.89   937.9          212.0          251.0   0.844622
  39  58.13   901.9          231.0          250.0   0.924000
  40  63.90   799.3            0.0            0.0

 ------------ <energy>, Na(i)/Nt(i) ----------------
 i_rep  T   <E>   NNa(i_temp)  NNt(i_temp)  Na/Nt           <ESHORT12>
   1   1.60  -678.5        374.549     19454.0   4308600.0   0.004515     0.0
   2   1.76  -667.8        441.723     25494.0   4308600.0   0.005917     0.0
   3   1.93  -660.1        603.536     30781.0   4308600.0   0.007144     0.0
   4   2.12  -651.8        473.560     35450.0   4308600.0   0.008228     0.0
   5   2.33  -642.0        572.849     40999.0   4308600.0   0.009516     0.0
   6   2.57  -629.6        441.203     49890.0   4308600.0   0.011579     0.0
   7   2.82  -618.1        438.060     58143.0   4308600.0   0.013495     0.0
   8   3.10  -606.5        303.371     66496.0   4308600.0   0.015433     0.0
   9   3.41  -595.7        286.608     79932.0   4308600.0   0.018552     0.0
  10   3.75  -580.1        257.146     93557.0   4308600.0   0.021714     0.0
  11   4.12  -558.2        226.329    113193.0   4308600.0   0.026271     0.0
  12   4.53  -531.1        207.232    131717.0   4308600.0   0.030571     0.0
  13   4.97  -503.3        166.935    157639.0   4308600.0   0.036587     0.0
  14   5.47  -471.9        158.257    187060.0   4308600.0   0.043415     0.0
  15   6.01  -429.4        139.762    225484.0   4308600.0   0.052333     0.0
  16   6.61  -370.0        132.374    273310.0   4308600.0   0.063434     0.0
  17   7.26  -310.3        137.990    329557.0   4308600.0   0.076488     0.0
  18   7.98  -235.6        110.204    398598.0   4308600.0   0.092512     0.0
  19   8.77  -146.8        134.501    484179.0   4308600.0   0.112375     0.0
  20   9.64   -51.9        109.221    579715.0   4308600.0   0.134548     0.0
  21  10.60    54.9        116.617    702387.0   4308600.0   0.163020     0.0
  22  11.65   162.9         89.636    846367.0   4308600.0   0.196437     0.0
  23  12.81   259.1         79.180    993185.0   4308600.0   0.230512     0.0
  24  14.08   362.8         65.846   1160409.0   4308600.0   0.269324     0.0
  25  15.47   450.4         52.491   1334501.0   4308600.0   0.309730     0.0
  26  17.01   536.1         36.947   1512622.0   4308600.0   0.351070     0.0
  27  18.69   584.2         28.249   1678986.0   4308600.0   0.389682     0.0
  28  20.55   633.9         21.007   1838568.0   4308600.0   0.426721     0.0
  29  22.58   666.7         14.501   1979701.0   4308600.0   0.459477     0.0
  30  24.82   703.0         11.988   2117815.0   4308600.0   0.491532     0.0
  31  27.28   735.2         10.066   2247082.0   4308600.0   0.521534     0.0
  32  29.99   765.9          8.946   2369592.0   4308600.0   0.549968     0.0
  33  32.96   792.0          8.112   2472295.0   4308600.0   0.573805     0.0
  34  36.23   819.3          6.284   2579669.0   4308600.0   0.598726     0.0
  35  39.82   852.5          5.876   2674508.0   4308600.0   0.620737     0.0
  36  43.77   865.4          4.983   2762465.0   4308600.0   0.641151     0.0
  37  48.11   893.1          4.107   2837893.0   4308600.0   0.658658     0.0
  38  52.89   912.7          3.715   2910128.0   4308600.0   0.675423     0.0
  39  58.13   938.4          3.335   2976390.0   4308600.0   0.690802     0.0
  40  63.90   956.7          2.615   3028777.0   4308600.0   0.702961     0.0
 E_min=  -723.4840    

 ncycle_max=         501
 ncycle_real=         501

 hour_max=   50.00000    
 hour_real=  0.5722908    

 ending time: Sat Mar  1 17:55:03 2014 
