            1 MET
 -1.6 -0.2 -0.2  0.2 -1.0  1.1  2.0  0.2 -0.5  1.6  0.2 -0.3 -0.6  1.0  0.3  0.0 -0.9 -1.2  0.3  0.7 -0.6 -0.4  0.5  0.7 -1.2
 -0.2  1.4 -0.4  0.5 -0.1 -0.7  1.2  1.4  1.4 -0.4 -0.6  0.6  0.0 -0.9  0.1  0.9  0.3 -1.3
 =================================
            2 ASN
 -0.2  0.2  1.0  0.8 -0.1  0.2  0.2  0.7  0.5  1.0  0.0  0.1  0.3  1.0  1.5  0.0 -0.1  0.1  1.3  1.3  0.7  0.2  0.6  1.7  0.2
  1.8  1.2  0.7  0.4  1.7 -0.2 -0.7  0.8  1.6  1.4 -0.5  0.0  0.4  0.1  0.3 -0.1  1.4 -0.6
 =================================
            3 LYS
 -0.2  1.0  2.2  0.7  0.7  0.2  1.9  2.5  0.9  0.5  0.9 -0.2 -1.4  0.6  0.9 -0.4 -1.3 -0.3 -0.1  0.4 -0.5 -0.9  0.2  2.1 -0.6
 -0.4  0.1 -0.7  1.5 -0.5 -0.5 -0.7 -0.4 -0.5 -1.2 -1.1 -1.1 -0.2 -1.6 -0.5 -0.2 -1.4 -1.7
 =================================
            4 GLU
  0.2  0.8  0.7  1.5  0.1  0.4  2.5  2.3  0.8  0.7  0.6 -0.1 -0.4 -0.1  0.8 -0.1  0.8 -0.1  0.6  0.6 -0.6  0.5  0.7  0.9 -0.9
  2.2  2.1  0.3  0.6  1.3  0.5  0.3  0.1  1.5 -0.6 -0.6  0.4  1.1 -0.9  0.1  0.5  1.2 -1.8
 =================================
            5 HIS
 -1.0 -0.1  0.7  0.1  1.4 -0.5 -0.3  2.1 -0.1  0.7  1.9  1.1  0.3  2.1  1.0 -0.4  0.8 -0.7  0.9  0.6  0.1  0.9  0.7 -0.8 -0.6
  1.0 -0.1 -0.3  1.9  2.4 -0.3 -0.1  1.3 -0.7  0.3 -0.2  0.3 -0.4 -0.5  0.8  0.6 -0.7 -0.1
 =================================
            6 ILE
  1.1  0.2  0.2  0.4 -0.5 -0.2  1.3  2.2  1.2  0.5  1.9 -0.8 -0.6 -0.1  1.3 -0.6 -1.0 -0.4  0.0  0.3 -1.0 -0.9  1.4  0.2 -1.6
 -1.0  0.9 -1.8  0.5  0.4 -1.5 -0.5 -0.6  0.3 -1.9 -1.1 -1.3 -1.0 -2.2 -0.1 -0.4 -0.9 -2.3
 =================================
            7 LEU
  2.0  0.2  1.9  2.5 -0.3  1.3 -1.2 -0.5 -0.1  0.2  3.6  0.9 -0.5  0.0  0.3 -0.9 -0.2 -0.8  0.2  0.1 -1.3 -1.4  1.9  0.1 -1.9
 -1.4  1.3 -1.6  0.5  0.1 -1.1 -0.2 -0.3  1.1 -2.1 -1.5 -1.4 -0.1 -2.4 -0.8 -1.6  1.2 -2.5
 =================================
            8 ALA
  0.2  0.7  2.5  2.3  2.1  2.2 -0.5  0.3  0.3  0.9  1.0  3.0  2.7  0.3  2.5 -0.2  1.3  0.4  1.8  2.1 -0.4 -1.2  1.0  0.5 -0.6
 -0.3  1.0  0.0  1.0  3.3 -0.3 -0.1  1.2  2.5 -0.6  0.3 -0.1  1.9 -1.5  1.1  1.5  1.2 -1.3
 =================================
            9 GLN
 -0.5  0.5  0.9  0.8 -0.1  1.2 -0.1  0.3 -0.1  0.9  0.8  2.1  1.5  1.3  0.0  0.8  3.3  1.1  2.2  1.5 -0.2 -0.6  2.0  0.9  0.4
 -0.5  1.7 -0.3  0.8  2.2 -0.5  0.1 -0.3  1.2 -0.6  0.0  0.2  0.6 -0.9  1.2  0.3  0.5 -0.8
 =================================
           10 LYS
  1.6  1.0  0.5  0.7  0.7  0.5  0.2  0.9  0.9  2.2  0.7  0.4  0.3  0.4  3.0  0.7 -0.4 -0.4  1.0  2.2 -0.3 -0.2  1.4  2.6 -0.4
  0.0  0.6  0.4  2.2  0.2  0.1  0.8  0.2  0.5 -0.5 -0.7 -0.4  1.2 -1.0  0.9  0.5  0.0 -1.3
 =================================
           11 GLU
  0.2  0.0  0.9  0.6  1.9  1.9  3.6  1.0  0.8  0.7  1.5  2.3  0.5  0.6  0.6  1.7  1.6  0.3  1.5  1.6  0.6  0.7  0.7  0.1 -0.6
  1.1  1.1 -0.2  1.5  1.5  0.1  0.2 -0.5  2.5 -0.2  0.5 -0.2  2.5  0.1  0.6  0.0  1.3 -0.9
 =================================
           12 VAL
 -0.3  0.1 -0.2 -0.1  1.1 -0.8  0.9  3.0  2.1  0.4  2.3 -0.8  1.8  0.0  1.9  1.3  0.9  1.9  1.4  2.5 -0.7 -1.2  0.2 -0.3 -1.1
 -0.3  1.4 -0.7 -0.3  1.3 -0.8 -0.2 -0.3  0.3 -1.4 -0.9 -0.6  2.0 -1.7 -0.5  0.5  0.0 -1.9
 =================================
           13 LEU
 -0.6  0.3 -1.4 -0.4  0.3 -0.6 -0.5  2.7  1.5  0.3  0.5  1.8 -1.2  0.0  0.0  2.1  0.9  1.4  1.7  0.7 -1.1 -1.0  0.5  0.0 -1.5
 -0.8  1.3 -1.3  0.0 -0.5 -1.3 -0.2 -1.1 -0.4 -1.9 -1.3 -1.2  0.5 -2.0 -0.6 -0.6  0.5 -2.2
 =================================
           14 THR
  1.0  1.0  0.6 -0.1  2.1 -0.1  0.0  0.3  1.3  0.4  0.6  0.0  0.0  0.3  0.4 -0.2  0.6  2.1  2.8 -0.1  0.7 -0.2  1.7  1.4  0.3
  1.7  3.5  2.3  3.2  1.8 -0.1  1.6 -0.3  2.2  0.4 -0.2 -0.4  1.6  0.4  1.5  0.6 -0.8  0.5
 =================================
           15 PRO
  0.3  1.5  0.9  0.8  1.0  1.3  0.3  2.5  0.0  3.0  0.6  1.9  0.0  0.4  0.1 -0.2  2.5 -0.7  2.0  2.5  0.3  0.7  1.3 -0.3 -0.9
  1.1  0.9  0.4  0.3  1.8 -0.2  1.4  1.4  0.8 -0.6 -0.6  1.9 -0.1 -0.5 -0.2  0.7 -0.3 -0.9
 =================================
           16 ILE
  0.0  0.0 -0.4 -0.1 -0.4 -0.6 -0.9 -0.2  0.8  0.7  1.7  1.3  2.1 -0.2 -0.2  1.4  0.4 -1.0  0.4 -0.5  2.3 -0.2  2.5  0.9 -1.1
 -0.7  0.3 -1.2 -0.2  1.6 -1.3 -0.1 -0.4  0.8 -1.1 -0.1 -1.3  0.4 -1.4 -0.7  1.0 -0.2 -1.8
 =================================
           17 GLU
 -0.9 -0.1 -1.3  0.8  0.8 -1.0 -0.2  1.3  3.3 -0.4  1.6  0.9  0.9  0.6  2.5  0.4  1.5  0.1  1.5  0.1  0.2  2.7  1.9  1.7 -0.6
 -0.3  3.5 -0.5  1.8  1.5  0.5  1.2  0.1  2.7 -0.2 -0.1  0.3  1.5 -0.2  0.8  0.1  1.9 -1.1
 =================================
           18 TYR
 -1.2  0.1 -0.3 -0.1 -0.7 -0.4 -0.8  0.4  1.1 -0.4  0.3  1.9  1.4  2.1 -0.7 -1.0  0.1 -0.7  0.1 -0.7  0.3  0.6  1.0  1.7 -0.5
 -0.1  0.2 -0.1  0.9 -0.1 -0.9  0.9 -0.5 -0.2 -1.0 -1.5 -0.9 -0.9 -1.6 -0.9 -0.1 -0.8 -1.3
 =================================
           19 GLU
  0.3  1.3 -0.1  0.6  0.9  0.0  0.2  1.8  2.2  1.0  1.5  1.4  1.7  2.8  2.0  0.4  1.5  0.1  1.5  0.1  0.1  0.5  1.0  3.8  1.2
 -0.3  1.4  0.4  0.8  1.1 -0.5  0.4  0.2  0.1 -0.8 -0.2  1.3  1.1 -0.6  0.6  0.2  3.1 -0.9
 =================================
           20 HIS
  0.7  1.3  0.4  0.6  0.6  0.3  0.1  2.1  1.5  2.2  1.6  2.5  0.7 -0.1  2.5 -0.5  0.1 -0.7  0.1 -0.8  2.3  0.9  0.7 -0.8  0.1
  0.3 -0.1  3.1  2.1  1.4  0.8  2.4  1.0  1.9  2.0  0.4  0.2  1.9  0.8  1.4  0.1 -0.6  0.8
 =================================
           21 TYR
 -0.6  0.7 -0.5 -0.6  0.1 -1.0 -1.3 -0.4 -0.2 -0.3  0.6 -0.7 -1.1  0.7  0.3  2.3  0.2  0.3  0.1  2.3 -0.7 -0.1  1.8  2.0  2.9
  0.8  1.4 -1.0  0.1  0.6 -0.5  0.4  0.9  0.1 -1.4 -0.9 -1.1 -0.1 -2.2  1.0 -0.3 -0.9 -2.0
 =================================
           22 VAL
 -0.4  0.2 -0.9  0.5  0.9 -0.9 -1.4 -1.2 -0.6 -0.2  0.7 -1.2 -1.0 -0.2  0.7 -0.2  2.7  0.6  0.5  0.9 -0.1  0.5  2.4 -0.4  0.8
 -1.1  0.8 -0.2  0.4  0.8 -1.1  0.9 -0.2 -1.1 -1.6 -0.2 -1.4 -1.5 -2.2 -0.7 -1.0  0.2 -2.0
 =================================
           23 LYS
  0.5  0.6  0.2  0.7  0.7  1.4  1.9  1.0  2.0  1.4  0.7  0.2  0.5  1.7  1.3  2.5  1.9  1.0  1.0  0.7  1.8  2.4  2.2  0.7  1.1
  2.8  1.5  0.2  2.7  1.7 -0.5  1.5  1.8  1.2 -0.9 -0.2  0.1  1.5 -1.2  0.2  0.7  2.7 -0.9
 =================================
           24 HIS
  0.7  1.7  2.1  0.9 -0.8  0.2  0.1  0.5  0.9  2.6  0.1 -0.3  0.0  1.4 -0.3  0.9  1.7  1.7  3.8 -0.8  2.0 -0.4  0.7 -0.8 -0.3
 -0.7 -0.1  1.4  2.0  2.5  0.3  1.4  1.6  0.1  0.2  0.5  0.5  1.6 -0.3 -0.3  1.5  0.1 -0.6
 =================================
           25 LEU
 -1.2  0.2 -0.6 -0.9 -0.6 -1.6 -1.9 -0.6  0.4 -0.4 -0.6 -1.1 -1.5  0.3 -0.9 -1.1 -0.6 -0.5  1.2  0.1  2.9  0.8  1.1 -0.3  1.4
  2.7  0.6  0.2  1.5  0.1 -0.7  0.1 -0.3 -0.5 -2.3 -1.5 -1.6 -0.5 -2.5 -0.6 -0.5 -0.1 -2.7
 =================================
           26 PHE
 -0.2  1.8 -0.4  2.2  1.0 -1.0 -1.4 -0.3 -0.5  0.0  1.1 -0.3 -0.8  1.7  1.1 -0.7 -0.3 -0.1 -0.3  0.3  0.8 -1.1  2.8 -0.7  2.7
 -1.4  0.3 -1.2  1.5  0.8  2.1  2.2 -0.7  2.7 -0.6 -0.6 -0.4 -1.1 -1.8 -0.2  0.3  1.1 -1.3
 =================================
           27 ASP
  1.4  1.2  0.1  2.1 -0.1  0.9  1.3  1.0  1.7  0.6  1.1  1.4  1.3  3.5  0.9  0.3  3.5  0.2  1.4 -0.1  1.4  0.8  1.5 -0.1  0.6
  0.3  1.2  2.8  2.8  1.4  1.0  0.6  2.4  1.4  0.6  2.7  2.1  1.4  0.1  1.6  0.9 -0.2  1.3
 =================================
           28 ILE
 -0.4  0.7 -0.7  0.3 -0.3 -1.8 -1.6  0.0 -0.3  0.4 -0.2 -0.7 -1.3  2.3  0.4 -1.2 -0.5 -0.1  0.4  3.1 -1.0 -0.2  0.2  1.4  0.2
 -1.2  2.8  1.4  0.2  0.4  0.3  2.1  1.6  0.4 -1.8 -0.8 -1.1 -0.1 -2.1  0.0 -0.1 -0.4 -2.3
 =================================
           29 GLY
  0.5  0.4  1.5  0.6  1.9  0.5  0.5  1.0  0.8  2.2  1.5 -0.3  0.0  3.2  0.3 -0.2  1.8  0.9  0.8  2.1  0.1  0.4  2.7  2.0  1.5
  1.5  2.8  0.2  0.5  1.1  0.2  0.5  1.1  1.1  1.3  0.7  0.5 -0.3  0.4  0.6 -0.4 -0.7 -0.5
 =================================
           30 GLU
 -0.1  1.7 -0.5  1.3  2.4  0.4  0.1  3.3  2.2  0.2  1.5  1.3 -0.5  1.8  1.8  1.6  1.5 -0.1  1.1  1.4  0.6  0.8  1.7  2.5  0.1
  0.8  1.4  0.4  1.1  1.5  0.4  2.3  2.7  1.5  0.5  2.3  1.3  0.3  0.6  0.2 -0.3  1.4 -0.9
 =================================
           31 ILE
 -0.7 -0.2 -0.5  0.5 -0.3 -1.5 -1.1 -0.3 -0.5  0.1  0.1 -0.8 -1.3 -0.1 -0.2 -1.3  0.5 -0.9 -0.5  0.8 -0.5 -1.1 -0.5  0.3 -0.7
  2.1  1.0  0.3  0.2  0.4  1.0  2.7  2.4  2.6 -0.2  0.0  0.6  0.4 -1.1 -0.1  0.2  0.1 -1.7
 =================================
           32 THR
  1.2 -0.7 -0.7  0.3 -0.1 -0.5 -0.2 -0.1  0.1  0.8  0.2 -0.2 -0.2  1.6  1.4 -0.1  1.2  0.9  0.4  2.4  0.4  0.9  1.5  1.4  0.1
  2.2  0.6  2.1  0.5  2.3  2.7  0.3  1.6  0.6  1.2  2.9 -0.2  0.6 -0.3  2.9  0.4 -0.9 -1.2
 =================================
           33 LYS
  1.4  0.8 -0.4  0.1  1.3 -0.6 -0.3  1.2 -0.3  0.2 -0.5 -0.3 -1.1 -0.3  1.4 -0.4  0.1 -0.5  0.2  1.0  0.9 -0.2  1.8  1.6 -0.3
 -0.7  2.4  1.6  1.1  2.7  2.4  1.6  0.9  0.7  0.2  0.8  2.4  2.1  0.4  1.0  0.3  0.9 -0.8
 =================================
           34 GLU
  1.4  1.6 -0.5  1.5 -0.7  0.3  1.1  2.5  1.2  0.5  2.5  0.3 -0.4  2.2  0.8  0.8  2.7 -0.2  0.1  1.9  0.1 -1.1  1.2  0.1 -0.5
  2.7  1.4  0.4  1.1  1.5  2.6  0.6  0.7  1.5  0.5  0.1  0.4  1.5  1.6  1.8  1.5  2.4 -0.5
 =================================
           35 LEU
 -0.4  1.4 -1.2 -0.6  0.3 -1.9 -2.1 -0.6 -0.6 -0.5 -0.2 -1.4 -1.9  0.4 -0.6 -1.1 -0.2 -1.0 -0.8  2.0 -1.4 -1.6 -0.9  0.2 -2.3
 -0.6  0.6 -1.8  1.3  0.5 -0.2  1.2  0.2  0.5  0.3  1.0  1.7  0.5 -1.2 -0.1  0.4 -0.3 -2.3
 =================================
           36 TYR
 -0.6 -0.5 -1.1 -0.6 -0.2 -1.1 -1.5  0.3  0.0 -0.7  0.5 -0.9 -1.3 -0.2 -0.6 -0.1 -0.1 -1.5 -0.2  0.4 -0.9 -0.2 -0.2  0.5 -1.5
 -0.6  2.7 -0.8  0.7  2.3  0.0  2.9  0.8  0.1  1.0 -0.7  2.2  0.1  0.5  2.9  1.8  0.7 -1.0
 =================================
           37 ILE
  0.6  0.0 -1.1  0.4  0.3 -1.3 -1.4 -0.1  0.2 -0.4 -0.2 -0.6 -1.2 -0.4  1.9 -1.3  0.3 -0.9  1.3  0.2 -1.1 -1.4  0.1  0.5 -1.6
 -0.4  2.1 -1.1  0.5  1.3  0.6 -0.2  2.4  0.4  1.7  2.2 -1.2  0.4  0.5  1.0  0.2  3.3 -0.6
 =================================
           38 GLU
  0.0  0.4 -0.2  1.1 -0.4 -1.0 -0.1  1.9  0.6  1.2  2.5  2.0  0.5  1.6 -0.1  0.4  1.5 -0.9  1.1  1.9 -0.1 -1.5  1.5  1.6 -0.5
 -1.1  1.4 -0.1 -0.3  0.3  0.4  0.6  2.1  1.5  0.5  0.1  0.4  1.5  0.5  1.5  0.7  1.4  1.4
 =================================
           39 LEU
 -0.9  0.1 -1.6 -0.9 -0.5 -2.2 -2.4 -1.5 -0.9 -1.0  0.1 -1.7 -2.0  0.4 -0.5 -1.4 -0.2 -1.6 -0.6  0.8 -2.2 -2.2 -1.2 -0.3 -2.5
 -1.8  0.1 -2.1  0.4  0.6 -1.1 -0.3  0.4  1.6 -1.2  0.5  0.5  0.5 -1.0  1.5  0.4  0.6 -0.7
 =================================
           40 SER
  0.1  0.3 -0.5  0.1  0.8 -0.1 -0.8  1.1  1.2  0.9  0.6 -0.5 -0.6  1.5 -0.2 -0.7  0.8 -0.9  0.6  1.4  1.0 -0.7  0.2 -0.3 -0.6
 -0.2  1.6  0.0  0.6  0.2 -0.1  2.9  1.0  1.8 -0.1  2.9  1.0  1.5  1.5  0.4  0.4  0.6  2.5
 =================================
           41 SER
  0.9 -0.1 -0.2  0.5  0.6 -0.4 -1.6  1.5  0.3  0.5  0.0  0.5 -0.6  0.6  0.7  1.0  0.1 -0.1  0.2  0.1 -0.3 -1.0  0.7  1.5 -0.5
  0.3  0.9 -0.1 -0.4 -0.3  0.2  0.4  0.3  1.5  0.4  1.8  0.2  0.7  0.4  0.4  0.4  0.6  0.4
 =================================
           42 ASP
  0.3  1.4 -1.4  1.2 -0.7 -0.9  1.2  1.2  0.5  0.0  1.3  0.0  0.5 -0.8 -0.3 -0.2  1.9 -0.8  3.1 -0.6 -0.9  0.2  2.7  0.1 -0.1
  1.1 -0.2 -0.4 -0.7  1.4  0.1 -0.9  0.9  2.4 -0.3  0.7  3.3  1.4  0.6  0.6  0.6  1.2  0.6
 =================================
           43 LEU
 -1.3 -0.6 -1.7 -1.8 -0.1 -2.3 -2.5 -1.3 -0.8 -1.3 -0.9 -1.9 -2.2  0.5 -0.9 -1.8 -1.1 -1.3 -0.9  0.8 -2.0 -2.0 -0.9 -0.6 -2.7
 -1.3  1.3 -2.3 -0.5 -0.9 -1.7 -1.2 -0.8 -0.5 -2.3 -1.0 -0.6  1.4 -0.7  2.5  0.4  0.6 -1.2
 =================================
            1 MET
 -1.3 -0.3 -0.1  2.1 -0.8 -0.8  1.4  2.1  0.5  1.1  0.8 -0.4 -1.3  1.1  1.2 -0.1  0.2 -0.5  1.7  1.0 -0.6 -0.8  0.2  0.4 -1.2
 -0.6  0.6 -0.8  2.9  0.1 -0.9  1.2 -0.3 -0.3 -0.9 -0.2  0.0  0.6 -1.1  0.0 -0.1 -0.3 -1.4
 =================================
            2 ASN
 -0.3 -0.2  0.3  3.0 -0.4  0.2  1.9  0.7  0.4  1.0  1.5  0.2 -0.1 -0.3 -0.2  0.8 -0.4  0.3  0.1  0.0 -0.6 -0.1  0.5  0.0 -0.2
  0.0  0.1  0.2  2.5  1.0 -0.4  0.1  0.2  0.0 -0.1 -0.8 -0.1 -0.1 -0.9 -1.3  0.5  0.0 -1.5
 =================================
            3 LYS
 -0.1  0.3  0.8 -0.2  0.3  0.3  1.9  0.9  1.4  0.6 -0.1  0.4 -0.7 -0.3 -0.1 -0.6 -1.4 -0.3 -1.0 -0.6 -0.9 -0.5 -0.3  0.8 -0.6
  0.3  0.6 -0.6  1.2 -1.7  0.1  0.2 -0.4 -0.5  0.1 -1.3  0.8 -1.5 -1.1  0.5 -1.9 -1.6 -1.7
 =================================
            4 GLU
  2.1  3.0 -0.2  0.7 -0.3  1.2  2.6  1.0  0.2  0.0  2.0 -0.3 -0.7  0.6  0.6  0.7  0.3 -0.4  0.5  0.4 -0.3 -0.6 -0.5  0.3 -0.6
  0.3  1.0 -0.2  3.4  0.7 -0.1  0.4 -0.4 -0.5 -0.4 -0.8  0.1 -0.4 -0.7  0.3 -0.6 -1.6 -1.6
 =================================
            5 HIS
 -0.8 -0.4  0.3 -0.3 -1.2  1.7 -0.2  0.1 -0.5  2.1  2.1  1.4  0.0  0.4 -0.5 -0.2  0.0 -0.1 -0.1  0.7 -0.3 -0.6  0.8  2.2 -0.5
  0.3  0.2 -0.4 -0.1  0.5  0.0  0.3  0.8 -0.4 -0.1  0.1  0.7 -0.4 -0.7  2.2  0.1  1.2 -0.2
 =================================
            6 ILE
 -0.8  0.2  0.3  1.2  1.7  1.6  2.2  1.3 -0.2  0.7 -0.4 -0.5 -1.9 -0.8  0.6 -0.8 -0.6 -1.5  0.7  0.6 -1.1 -1.1  0.0  0.8 -1.9
 -1.3  0.3 -2.1  1.1 -0.3 -2.0 -0.7  0.1 -0.6 -2.2 -1.8 -1.4 -0.2 -2.3 -0.5 -1.6 -0.3 -2.7
 =================================
            7 LEU
  1.4  1.9  1.9  2.6 -0.2  2.2 -1.1  2.6  1.8  2.0  2.5  0.1 -0.3  0.1  0.3 -0.7 -0.2 -0.7  0.3 -0.3 -1.2 -1.8 -0.2 -0.5 -2.0
 -0.4 -0.2 -1.9  0.9  1.1 -1.6 -0.7  0.1 -1.5 -1.7 -1.5 -1.0 -1.0 -2.0 -1.5 -0.2 -0.8 -2.3
 =================================
            8 ALA
  2.1  0.7  0.9  1.0  0.1  1.3  2.6  0.6  0.3  0.9  1.0  1.4  0.0  1.5  2.2  1.6  1.8  1.1  1.0  1.1 -0.2 -0.5  2.3  0.9 -0.3
  0.2  1.1  0.2  1.4  0.1  0.5  1.7  0.9  1.0 -0.1  2.2  0.9 -0.1 -0.5 -0.1  1.7  1.0 -0.6
 =================================
            9 GLN
  0.5  0.4  1.4  0.2 -0.5 -0.2  1.8  0.3 -0.4  1.7  0.2  1.2  1.9  3.0  0.7  0.9  0.6  0.8  2.9 -0.5  0.3  0.4 -0.6  0.4 -0.7
  0.3 -0.2  0.0  1.4  1.0  0.5  1.5  1.1  0.8 -0.4  0.3  0.0 -0.1 -0.5  0.3 -0.2 -0.2 -1.1
 =================================
           10 LYS
  1.1  1.0  0.6  0.0  2.1  0.7  2.0  0.9  1.7  0.8 -0.2  1.7  0.4  1.8  1.4  1.5 -1.3 -0.9 -0.8  0.0 -0.4  0.0  1.4  0.0 -0.2
  0.1 -0.1  1.3  0.9 -0.8 -0.2  0.0  0.1 -0.9 -0.9  0.2 -0.2 -0.9 -1.1  1.4  0.1 -1.3 -1.5
 =================================
           11 GLU
  0.8  1.5 -0.1  2.0  2.1 -0.4  2.5  1.0  0.2 -0.2  0.7  0.5  1.7  2.2  0.2  1.3  1.7 -0.2  1.4 -0.3  0.5 -0.8  0.0  0.7 -1.0
  0.2  0.4 -0.4  1.3  0.3  0.5 -0.1  0.0  0.9  0.0 -0.3 -0.2  0.2 -0.6 -0.1  0.0  0.0  0.4
 =================================
           12 VAL
 -0.4  0.2  0.4 -0.3  1.4 -0.5  0.1  1.4  1.2  1.7  0.5 -0.4  2.4  0.0  1.6  1.2  2.5  0.2  1.1  1.4 -0.9 -0.3  0.5  0.9 -1.3
 -0.4  0.1 -0.6  1.0  0.1 -0.8  0.7  0.7  0.3 -1.2 -0.8  0.3  0.2 -1.1 -0.5  1.0 -0.2 -1.7
 =================================
           13 LEU
 -1.3 -0.1 -0.7 -0.7  0.0 -1.9 -0.3  0.0  1.9  0.4  1.7  2.4  1.4  3.2  0.0 -1.1  0.2  0.3  2.2  1.4 -1.0 -1.1  2.0  0.2 -2.2
 -0.3 -0.1 -1.4  0.6  0.0 -1.3  0.3 -0.1  0.7 -1.9 -1.9 -0.8 -0.6 -2.3 -0.3 -0.3 -0.4 -2.2
 =================================
           14 THR
  1.1 -0.3 -0.3  0.6  0.4 -0.8  0.1  1.5  3.0  1.8  2.2  0.0  3.2  0.1  0.2  2.0 -0.5  2.0  2.8 -0.1 -0.1  0.6  1.2  1.5  0.6
  1.3  1.1  1.2  1.3 -0.2  0.5  2.7 -0.3  0.6  0.9  0.0  1.3  0.3  1.1  1.4  2.1 -0.3 -0.6
 =================================
           15 PRO
  1.2 -0.2 -0.1  0.6 -0.5  0.6  0.3  2.2  0.7  1.4  0.2  1.6  0.0  0.2  0.0 -0.1  0.2  2.2  0.2 -0.3  1.2  0.7  0.7  1.4  0.0
 -0.7 -0.2  0.4  1.4  0.3  0.5  0.5  0.2  1.4 -0.5 -0.5  0.8  0.7 -0.5  0.3  0.8  0.0 -0.3
 =================================
           16 ILE
 -0.1  0.8 -0.6  0.7 -0.2 -0.8 -0.7  1.6  0.9  1.5  1.3  1.2 -1.1  2.0 -0.1 -0.9  0.4  1.5  2.3  2.2  0.0 -0.2  0.4  0.7 -1.6
 -1.4  0.8 -1.1 -0.5  0.2 -1.2 -0.3 -0.6 -0.1 -1.7 -0.9 -1.0 -0.5 -1.3 -0.1  0.5 -0.1 -1.6
 =================================
           17 GLU
  0.2 -0.4 -1.4  0.3  0.0 -0.6 -0.2  1.8  0.6 -1.3  1.7  2.5  0.2 -0.5  0.2  0.4  1.0  2.6  2.9  3.0  2.4  1.2 -0.2 -0.2 -0.7
  0.4  1.5  0.4  1.0  0.3  0.0  2.0 -0.6  0.4  0.9 -0.4 -0.2 -0.3 -0.4  0.3 -0.5 -0.7 -0.8
 =================================
           18 TYR
 -0.5  0.3 -0.3 -0.4 -0.1 -1.5 -0.7  1.1  0.8 -0.9 -0.2  0.2  0.3  2.0  2.2  1.5  2.6  1.5  1.5  1.7  1.7 -0.1  0.4  1.7 -0.5
 -0.8  0.5 -0.6  1.4  0.2 -1.2  0.7 -0.1  0.1 -1.2 -1.1 -0.3 -0.3 -2.0 -1.2 -0.4 -1.1 -2.0
 =================================
           19 GLU
  1.7  0.1 -1.0  0.5 -0.1  0.7  0.3  1.0  2.9 -0.8  1.4  1.1  2.2  2.8  0.2  2.3  2.9  1.5  0.7 -0.3  2.6  2.3  2.4 -0.3  0.5
  2.2  1.4  0.7  1.5  0.4  0.9  0.4 -0.5 -0.8  0.4 -0.7 -0.3 -0.6 -0.6 -0.7  0.4  0.2 -0.5
 =================================
           20 HIS
  1.0  0.0 -0.6  0.4  0.7  0.6 -0.3  1.1 -0.5  0.0 -0.3  1.4  1.4 -0.1 -0.3  2.2  3.0  1.7 -0.3 -1.2  1.2 -0.2  3.1 -1.2  1.2
 -0.6  0.9  0.4  0.1  0.0  0.2 -0.1  0.4  0.7  0.4  0.9  1.1 -0.1 -0.3  1.1  0.7 -0.2  0.3
 =================================
           21 TYR
 -0.6 -0.6 -0.9 -0.3 -0.3 -1.1 -1.2 -0.2  0.3 -0.4  0.5 -0.9 -1.0 -0.1  1.2  0.0  2.4  1.7  2.6  1.2  1.6 -0.7 -0.2  1.4  0.4
  0.0  0.4 -0.3  0.3  0.0 -0.5  0.6  0.0 -0.3 -1.2 -1.0 -0.3 -0.9 -1.5 -0.6 -0.3 -1.3 -1.7
 =================================
           22 VAL
 -0.8 -0.1 -0.5 -0.6 -0.6 -1.1 -1.8 -0.5  0.4  0.0 -0.8 -0.3 -1.1  0.6  0.7 -0.2  1.2 -0.1  2.3 -0.2 -0.7  0.4  0.5 -0.2  1.0
  1.4  1.1 -0.1  0.4  1.4 -0.9  0.2  1.8 -0.1 -1.7 -0.8 -0.4  0.1 -2.2  0.0  0.4  0.2 -2.0
 =================================
           23 LYS
  0.2  0.5 -0.3 -0.5  0.8  0.0 -0.2  2.3 -0.6  1.4  0.0  0.5  2.0  1.2  0.7  0.4 -0.2  0.4  2.4  3.1 -0.2  0.5  0.8  0.3  2.6
  0.8  2.1  2.1  3.2 -0.1  1.0  1.8  0.0 -1.4  0.0  0.5  1.0 -1.6 -0.3 -0.2  0.2 -1.0 -0.6
 =================================
           24 HIS
  0.4  0.0  0.8  0.3  2.2  0.8 -0.5  0.9  0.4  0.0  0.7  0.9  0.2  1.5  1.4  0.7 -0.2  1.7 -0.3 -1.2  1.4 -0.2  0.3 -1.2 -0.2
  2.5 -0.4  1.5  2.6  1.0  0.2  1.7  1.8  0.6 -0.4 -0.1  0.3  0.6 -0.5  0.7  0.2 -0.4 -0.7
 =================================
           25 LEU
 -1.2 -0.2 -0.6 -0.6 -0.5 -1.9 -2.0 -0.3 -0.7 -0.2 -1.0 -1.3 -2.2  0.6  0.0 -1.6 -0.7 -0.5  0.5  1.2  0.4  1.0  2.6 -0.2  1.6
 -1.1  0.5  1.2  1.8  0.5 -1.1  0.4  1.1 -0.8 -2.0 -1.6 -1.3 -0.6 -2.4 -1.0 -0.6 -0.3 -2.7
 =================================
           26 PHE
 -0.6  0.0  0.3  0.3  0.3 -1.3 -0.4  0.2  0.3  0.1  0.2 -0.4 -0.3  1.3 -0.7 -1.4  0.4 -0.8  2.2 -0.6  0.0  1.4  0.8  2.5 -1.1
 -1.4  2.2  0.5  0.2  1.2 -0.4 -0.4  0.8 -0.1 -0.8 -0.3 -0.8  0.4 -1.6  0.8  0.3 -0.4 -1.7
 =================================
           27 ASP
  0.6  0.1  0.6  1.0  0.2  0.3 -0.2  1.1 -0.2 -0.1  0.4  0.1 -0.1  1.1 -0.2  0.8  1.5  0.5  1.4  0.9  0.4  1.1  2.1 -0.4  0.5
  2.2  2.0  0.6  0.6  0.7  1.4  0.1  2.3  0.0  0.0  0.1  0.5 -0.2  0.3 -0.5 -0.9 -0.5  0.0
 =================================
           28 ILE
 -0.8  0.2 -0.6 -0.2 -0.4 -2.1 -1.9  0.2  0.0  1.3 -0.4 -0.6 -1.4  1.2  0.4 -1.1  0.4 -0.6  0.7  0.4 -0.3 -0.1  2.1  1.5  1.2
  0.5  0.6  1.9  0.4  0.4 -0.1 -0.1 -0.3  2.0 -1.9 -0.8 -1.2  0.1 -2.1 -0.3 -0.6 -0.6 -2.5
 =================================
           29 GLY
  2.9  2.5  1.2  3.4 -0.1  1.1  0.9  1.4  1.4  0.9  1.3  1.0  0.6  1.3  1.4 -0.5  1.0  1.4  1.5  0.1  0.3  0.4  3.2  2.6  1.8
  0.2  0.6  0.4  1.0  1.5  0.4  0.6  1.7  2.0  0.9  0.8  0.0  1.2  0.5 -0.7  0.5 -1.1 -0.7
 =================================
           30 GLU
  0.1  1.0 -1.7  0.7  0.5 -0.3  1.1  0.1  1.0 -0.8  0.3  0.1  0.0 -0.2  0.3  0.2  0.3  0.2  0.4  0.0  0.0  1.4 -0.1  1.0  0.5
  1.2  0.7  0.4  1.5  0.7  0.4  3.0  0.4  2.5  1.8 -0.3  0.1  0.9  0.1  0.6 -0.3  0.2 -0.6
 =================================
           31 ILE
 -0.9 -0.4  0.1 -0.1  0.0 -2.0 -1.6  0.5  0.5 -0.2  0.5 -0.8 -1.3  0.5  0.5 -1.2  0.0 -1.2  0.9  0.2 -0.5 -0.9  1.0  0.2 -1.1
 -0.4  1.4 -0.1  0.4  0.4 -0.9 -0.1  1.2  1.7 -0.2 -1.1  0.1  0.1 -1.7 -0.8 -0.1  0.1 -2.1
 =================================
           32 THR
  1.2  0.1  0.2  0.4  0.3 -0.7 -0.7  1.7  1.5  0.0 -0.1  0.7  0.3  2.7  0.5 -0.3  2.0  0.7  0.4 -0.1  0.6  0.2  1.8  1.7  0.4
 -0.4  0.1 -0.1  0.6  3.0 -0.1  0.1  0.5  1.0  0.0  1.8  2.1  0.1 -0.3  2.1  1.0  0.5 -0.3
 =================================
           33 LYS
 -0.3  0.2 -0.4 -0.4  0.8  0.1  0.1  0.9  1.1  0.1  0.0  0.7 -0.1 -0.3  0.2 -0.6 -0.6 -0.1 -0.5  0.4  0.0  1.8  0.0  1.8  1.1
  0.8  2.3 -0.3  1.7  0.4  1.2  0.5  0.8 -0.2  0.3  0.5  1.6  0.7  1.2  0.1  0.7  0.1 -0.7
 =================================
           34 GLU
 -0.3  0.0 -0.5 -0.5 -0.4 -0.6 -1.5  1.0  0.8 -0.9  0.9  0.3  0.7  0.6  1.4 -0.1  0.4  0.1 -0.8  0.7 -0.3 -0.1 -1.4  0.6 -0.8
 -0.1  0.0  2.0  2.0  2.5  1.7  1.0 -0.2  0.7  0.5  1.4  3.2  2.4  0.9  2.2  2.1  1.0 -0.1
 =================================
           35 LEU
 -0.9 -0.1  0.1 -0.4 -0.1 -2.2 -1.7 -0.1 -0.4 -0.9  0.0 -1.2 -1.9  0.9 -0.5 -1.7  0.9 -1.2  0.4  0.4 -1.2 -1.7  0.0 -0.4 -2.0
 -0.8  0.0 -1.9  0.9  1.8 -0.2  0.0  0.3  0.5 -1.1  0.4  1.2  0.4  0.5  0.6  0.8  0.0 -2.1
 =================================
           36 TYR
 -0.2 -0.8 -1.3 -0.8  0.1 -1.8 -1.5  2.2  0.3  0.2 -0.3 -0.8 -1.9  0.0 -0.5 -0.9 -0.4 -1.1 -0.7  0.9 -1.0 -0.8  0.5 -0.1 -1.6
 -0.3  0.1 -0.8  0.8 -0.3 -1.1  1.8  0.5  1.4  0.4  1.4  1.5  2.3 -0.1  1.0  1.9  1.3 -1.6
 =================================
           37 ILE
  0.0 -0.1  0.8  0.1  0.7 -1.4 -1.0  0.9  0.0 -0.2 -0.2  0.3 -0.8  1.3  0.8 -1.0 -0.2 -0.3 -0.3  1.1 -0.3 -0.4  1.0  0.3 -1.3
 -0.8  0.5 -1.2  0.0  0.1  0.1  2.1  1.6  3.2  1.2  1.5  0.5  0.4  1.7  1.9  2.7  0.6  0.8
 =================================
           38 GLU
  0.6 -0.1 -1.5 -0.4 -0.4 -0.2 -1.0 -0.1 -0.1 -0.9  0.2  0.2 -0.6  0.3  0.7 -0.5 -0.3 -0.3 -0.6 -0.1 -0.9  0.1 -1.6  0.6 -0.6
  0.4 -0.2  0.1  1.2  0.9  0.1  0.1  0.7  2.4  0.4  2.3  0.4  0.7  1.7  0.2  0.2  2.1  0.6
 =================================
           39 LEU
 -1.1 -0.9 -1.1 -0.7 -0.7 -2.3 -2.0 -0.5 -0.5 -1.1 -0.6 -1.1 -2.3  1.1 -0.5 -1.3 -0.4 -2.0 -0.6 -0.3 -1.5 -2.2 -0.3 -0.5 -2.4
 -1.6  0.3 -2.1  0.5  0.1 -1.7 -0.3  1.2  0.9  0.5 -0.1  1.7  1.7 -0.2  0.1  0.4  0.5 -0.1
 =================================
           40 SER
  0.0 -1.3  0.5  0.3  2.2 -0.5 -1.5 -0.1  0.3  1.4 -0.1 -0.5 -0.3  1.4  0.3 -0.1  0.3 -1.2 -0.7  1.1 -0.6  0.0 -0.2  0.7 -1.0
  0.8 -0.5 -0.3 -0.7  0.6 -0.8  2.1  0.1  2.2  0.6  1.0  1.9  0.2  0.1  0.3  0.3  0.1  1.5
 =================================
           41 SER
 -0.1  0.5 -1.9 -0.6  0.1 -1.6 -0.2  1.7 -0.2  0.1  0.0  1.0 -0.3  2.1  0.8  0.5 -0.5 -0.4  0.4  0.7 -0.3  0.4  0.2  0.2 -0.6
  0.3 -0.9 -0.6  0.5 -0.3 -0.1  1.0  0.7  2.1  0.8  1.9  2.7  0.2  0.4  0.3  0.3  0.1  0.4
 =================================
           42 ASP
 -0.3  0.0 -1.6 -1.6  1.2 -0.3 -0.8  1.0 -0.2 -1.3  0.0 -0.2 -0.4 -0.3  0.0 -0.1 -0.7 -1.1  0.2 -0.2 -1.3  0.2 -1.0 -0.4 -0.3
 -0.4 -0.5 -0.6 -1.1  0.2  0.1  0.5  0.1  1.0  0.0  1.3  0.6  2.1  0.5  0.1  0.1  0.2  0.5
 =================================
           43 LEU
 -1.4 -1.5 -1.7 -1.6 -0.2 -2.7 -2.3 -0.6 -1.1 -1.5  0.4 -1.7 -2.2 -0.6 -0.3 -1.6 -0.8 -2.0 -0.5  0.3 -1.7 -2.0 -0.6 -0.7 -2.7
 -1.7  0.0 -2.5 -0.7 -0.6 -2.1 -0.3 -0.7 -0.1 -2.1 -1.6  0.8  0.6 -0.1  1.5  0.4  0.5 -1.1
 =================================
            1 MET
 -1.3 -0.3 -0.1 -0.1 -0.9 -0.9 -0.9  0.0 -0.4 -0.1  1.9  1.4 -0.3 -0.4  0.7 -0.4  1.1  1.2  0.7  0.8  0.1  0.5  0.8 -0.9  0.0
  0.5  2.4 -0.3  0.5  2.9  0.9  2.3  1.8  1.9 -0.7  0.0 -1.1  1.5 -0.3 -0.5  0.5 -0.2 -0.8
 =================================
            2 ASN
 -0.3 -0.4 -0.2 -0.1 -0.5  0.2  0.2  0.7 -0.4  0.7  1.2  0.0  0.9  0.6  2.1  0.2 -0.1 -0.9  1.0  2.5 -0.4  3.0  2.7  1.9  0.8
  3.4  3.4  2.4  1.4  1.1  2.8  1.4 -0.3  0.1  0.7  0.2 -1.0  0.5  1.3  1.8  1.6 -0.5  0.1
 =================================
            3 LYS
 -0.1 -0.2  0.0 -0.9 -0.3  0.1  0.3  0.7  1.7  1.0  0.6 -0.5  0.0 -0.1  0.3  1.0 -0.5 -0.3  0.1  0.9  1.6  1.1  1.0  0.5  0.0
  1.3 -0.6  1.0  0.8 -0.8  0.9  0.9  0.6 -0.2 -0.7  0.2  1.8 -0.2  0.1  0.3 -0.3 -0.7 -1.2
 =================================
            4 GLU
 -0.1 -0.1 -0.9  0.0 -0.5  0.2  2.2  1.0  1.4  1.3  1.7  1.5 -0.1  1.1  0.5  0.3  0.4  0.4  0.6 -0.5 -0.2  0.6  1.0  0.6  0.9
  0.7  0.8  1.3  1.8  1.0  1.1  1.2 -0.7 -0.2  0.5  1.0  1.7 -0.8  0.1 -0.9  0.3 -0.7  0.3
 =================================
            5 HIS
 -0.9 -0.5 -0.3 -0.5 -1.4  2.0 -0.1  0.2 -0.7  2.4  1.8  1.8  1.1  1.4  0.0  1.3  1.5  0.3 -0.2  1.2  0.4  0.9  1.4  0.7  1.2
  0.7  1.2  0.8  0.4  0.4  0.6  0.4  0.0  0.8  0.6 -0.1  0.7  0.3  1.2 -0.2  0.6  0.4  1.4
 =================================
            6 ILE
 -0.9  0.2  0.1  0.2  2.0 -1.2 -1.2 -0.1  2.4  1.3  2.0  0.3 -0.2  0.9 -0.2 -0.4 -0.1 -0.4  1.9  0.3 -0.3 -0.8  1.3  1.0 -0.8
 -0.5  1.2 -0.1  0.7  1.2 -0.7  0.0  0.5  1.0 -1.6 -0.9 -1.6  0.2 -1.4  2.2  0.6  1.6 -0.8
 =================================
            7 LEU
 -0.9  0.2  0.3  2.2 -0.1 -1.2 -1.0  0.3  1.5  0.8  2.2  1.0  0.0  1.9 -0.1 -0.3  0.2 -0.3  0.6  3.6 -0.5  0.5  1.4  1.3 -0.7
 -0.2  1.1 -0.6  0.8  1.5  0.1  0.8  2.6  0.2 -1.3  0.1 -0.8 -0.8 -1.2  0.6  1.5 -0.1 -0.1
 =================================
            8 ALA
  0.0  0.7  0.7  1.0  0.2 -0.1  0.3  1.7  0.6  0.7  2.2  0.9  1.9  0.7  1.4  0.5  1.0  1.3  1.0  1.4 -0.2  0.8  1.1  0.2  0.0
  1.4  1.7  0.3  2.5  1.0  0.5  1.6  0.7  2.6 -0.1 -0.3  0.1  1.0  0.5  1.5  1.3  2.2  0.9
 =================================
            9 GLN
 -0.4 -0.4  1.7  1.4 -0.7  2.4  1.5  0.6 -0.8 -0.4 -0.3  0.1  0.0  2.3  0.0  2.0  0.4  2.2  0.9  1.9  0.3  0.5  0.2  1.0  0.6
  0.1  1.5  0.9  0.8 -0.1  0.3  0.3  1.1  0.5  1.1  0.4  0.5  0.1  0.1  2.1  1.1  0.9  1.5
 =================================
           10 LYS
 -0.1  0.7  1.0  1.3  2.4  1.3  0.8  0.7 -0.4  0.0  2.3  1.6  0.3  2.5  0.3  0.1  0.0  0.5  0.4  2.5  0.3  1.3  1.4  1.9  1.7
  1.0  1.3  0.9  1.1  1.0  1.0  0.5  0.7  0.2  0.8  0.2  0.5  0.0  0.6  0.5  0.6 -0.3  0.3
 =================================
           11 GLU
  1.9  1.2  0.6  1.7  1.8  2.0  2.2  2.2 -0.3  2.3  0.0  0.3  0.3 -0.1  0.5  1.8  2.0  1.8  0.2  2.8  1.0  1.0  0.2  1.0  0.7
  0.3  1.6  0.9  0.8  1.2  3.0  2.1  0.3 -0.4  0.5  0.2  0.8  0.6  0.2  1.3  1.2  1.2  0.0
 =================================
           12 VAL
  1.4  0.0 -0.5  1.5  1.8  0.3  1.0  0.9  0.1  1.6  0.3  0.5  2.0 -0.3  0.4 -1.1  1.5  3.0  1.2  1.9  0.6  0.1  1.9  3.4 -0.4
 -0.3  0.5 -0.6  0.6  1.7  0.1  0.8  1.8  0.0 -0.1 -0.7 -0.8  0.3  0.2  0.0  1.0  1.0 -0.4
 =================================
           13 LEU
 -0.3  0.9  0.0 -0.1  1.1 -0.2  0.0  1.9  0.0  0.3  0.3  2.0 -1.0  0.0  0.4  2.5  2.0  2.0  3.5  1.9 -0.1 -0.3  0.9  1.7 -0.9
  0.2  1.1 -0.8  0.8  0.4 -1.2  0.9  1.3  1.0 -0.6 -0.3 -0.7  0.3 -0.8  0.8  1.1  0.7 -0.7
 =================================
           14 THR
 -0.4  0.6 -0.1  1.1  1.4  0.9  1.9  0.7  2.3  2.5 -0.1 -0.3  0.0 -0.3  0.4  2.8 -0.1 -0.2 -0.1  3.0  2.6  3.5  1.5  2.2  1.4
  1.2  0.8  1.3  0.7  0.7  0.1  1.1  2.7  0.3  0.4  0.1  1.8 -0.4  0.4  0.8  1.3  0.8  0.4
 =================================
           15 PRO
  0.7  2.1  0.3  0.5  0.0 -0.2 -0.1  1.4  0.0  0.3  0.5  0.4  0.4  0.4  0.7  0.3  0.5  1.3  0.5  2.9  1.8  0.9  2.3  2.0  1.8
  2.3  0.6 -0.4  0.1  0.2  0.3  1.4  2.4  2.5  1.7 -0.1  2.0  0.8  0.4  0.5  1.8 -0.5  0.2
 =================================
           16 ILE
 -0.4  0.2  1.0  0.3  1.3 -0.4 -0.3  0.5  2.0  0.1  1.8 -1.1  2.5  2.8  0.3  1.3  0.2  1.0  0.2  1.9  1.1 -1.1  2.7  0.9 -0.6
  0.1  0.8 -0.9  1.8  0.4 -1.0  1.0  0.1  1.2 -0.4 -0.1 -0.7  0.7 -0.7  1.6  0.3  0.3 -0.3
 =================================
           17 GLU
  1.1 -0.1 -0.5  0.4  1.5 -0.1  0.2  1.0  0.4  0.0  2.0  1.5  2.0 -0.1  0.5  0.2  0.0 -0.2  1.5  1.4  0.5  0.3  1.1  1.7  2.1
  0.5  0.5  2.0  0.5  0.0  1.8  0.6  0.2  1.3  1.2  0.5  1.0  0.8  0.1  0.6  2.3 -0.4  1.3
 =================================
           18 TYR
  1.2 -0.9 -0.3  0.4  0.3 -0.4 -0.3  1.3  2.2  0.5  1.8  3.0  2.0 -0.2  1.3  1.0 -0.2 -0.8 -0.2 -1.0  0.6 -0.7  1.8  2.0  0.6
  0.1  1.0  0.9  2.1 -0.5  0.1  0.3  0.8  1.2 -0.9 -0.1  0.4  1.6 -0.8 -0.2  0.7  0.5 -0.8
 =================================
           19 GLU
  0.7  1.0  0.1  0.6 -0.2  1.9  0.6  1.0  0.9  0.4  0.2  1.2  3.5 -0.1  0.5  0.2  1.5 -0.2  0.0 -0.5 -0.2  1.1  1.3 -0.5  2.2
  1.2  0.6  2.1  0.5 -0.4  2.8  0.7  0.5  0.9  1.4  1.3  1.3 -0.4  1.9  0.6 -0.3  0.3  3.1
 =================================
           20 HIS
  0.8  2.5  0.9 -0.5  1.2  0.3  3.6  1.4  1.9  2.5  2.8  1.9  1.9  3.0  2.9  1.9  1.4 -1.0 -0.5 -1.4 -1.0 -0.4 -0.3  1.9  1.6
  0.8 -0.6  1.1  0.4  1.4  1.3  0.9  1.1  0.8  0.4  1.5  0.0  2.0  0.0  1.4  1.2 -0.2  0.2
 =================================
           21 TYR
  0.1 -0.4  1.6 -0.2  0.4 -0.3 -0.5 -0.2  0.3  0.3  1.0  0.6 -0.1  2.6  1.8  1.1  0.5  0.6 -0.2 -1.0 -0.8 -0.7 -0.6 -1.0 -0.7
 -0.9  2.2 -0.3  1.0 -0.6  0.1  2.3  0.9  0.7 -0.7  0.7  0.1  0.0 -0.7 -0.4  1.4  1.2 -1.2
 =================================
           22 VAL
  0.5  3.0  1.1  0.6  0.9 -0.8  0.5  0.8  0.5  1.3  1.0  0.1 -0.3  3.5  0.9 -1.1  0.3 -0.7  1.1 -0.4 -0.7  1.7  0.2 -0.4  1.6
  0.6  0.7  1.0  0.3  2.4  0.0  3.1  2.0  0.2 -0.3  0.2 -1.5  0.8 -1.5 -0.6  0.3  2.5 -0.7
 =================================
           23 LYS
  0.8  2.7  1.0  1.0  1.4  1.3  1.4  1.1  0.2  1.4  0.2  1.9  0.9  1.5  2.3  2.7  1.1  1.8  1.3 -0.3 -0.6  0.2  0.0 -0.3  0.3
  0.3 -0.6  0.1  0.5  1.3  0.1  1.0  1.6 -0.4  2.0  0.5  1.5 -0.2  2.3  1.4  1.0  0.6  0.3
 =================================
           24 HIS
 -0.9  1.9  0.5  0.6  0.7  1.0  1.3  0.2  1.0  1.9  1.0  3.4  1.7  2.2  2.0  0.9  1.7  2.0 -0.5  1.9 -1.0 -0.4 -0.3 -1.4 -0.1
  2.7  2.5 -0.2  1.5  2.6  0.6  2.0  2.3  1.7  0.8 -0.2  1.4  0.0  0.0 -0.2  1.4  1.2 -0.1
 =================================
           25 LEU
  0.0  0.8  0.0  0.9  1.2 -0.8 -0.7  0.0  0.6  1.7  0.7 -0.4 -0.9  1.4  1.8 -0.6  2.1  0.6  2.2  1.6 -0.7  1.6  0.3 -0.1  0.7
 -0.9  2.7  2.7  0.8  0.4 -0.6  2.2  0.9  2.4 -0.5  0.2 -0.7  0.6 -1.0  1.5  0.9  1.1 -1.1
 =================================
           26 PHE
  0.5  3.4  1.3  0.7  0.7 -0.5 -0.2  1.4  0.1  1.0  0.3 -0.3  0.2  1.2  2.3  0.1  0.5  0.1  1.2  0.8 -0.9  0.6  0.3  2.7 -0.9
 -1.1  0.3  3.1  1.6  0.1 -1.0 -0.2  1.0  1.8 -0.3  0.1 -0.4 -0.2 -0.9  0.5  0.1  0.3 -0.1
 =================================
           27 ASP
  2.4  3.4 -0.6  0.8  1.2  1.2  1.1  1.7  1.5  1.3  1.6  0.5  1.1  0.8  0.6  0.8  0.5  1.0  0.6 -0.6  2.2  0.7 -0.6  2.5  2.7
  0.3  1.6  0.4  2.5  1.0  0.4  2.7  0.9  0.3  1.5  0.0  2.3  0.1  2.3  1.4 -0.5  0.2  3.1
 =================================
           28 ILE
 -0.3  2.4  1.0  1.3  0.8 -0.1 -0.6  0.3  0.9  0.9  0.9 -0.6 -0.8  1.3 -0.4 -0.9  2.0  0.9  2.1  1.1 -0.3  1.0  0.1 -0.2  2.7
  3.1  0.4 -1.2  0.5  1.5 -0.5 -0.3  1.8  1.5 -0.3 -0.4 -1.2  2.3 -1.1  0.9  0.5 -0.2 -1.1
 =================================
           29 GLY
  0.5  1.4  0.8  1.8  0.4  0.7  0.8  2.5  0.8  1.1  0.8  0.6  0.8  0.7  0.1  1.8  0.5  2.1  0.5  0.4  1.0  0.3  0.5  1.5  0.8
  1.6  2.5  0.5  2.1  0.7  0.5  0.6  0.5  2.0  2.0  0.4  2.6  2.3  2.5  1.0  0.7  0.6  2.4
 =================================
           30 GLU
  2.9  1.1 -0.8  1.0  0.4  1.2  1.5  1.0 -0.1  1.0  1.2  1.7  0.4  0.7  0.2  0.4  0.0 -0.5 -0.4  1.4 -0.6  2.4  1.3  2.6  0.4
  0.1  1.0  1.5  0.7  0.0  2.4 -0.1  0.8  0.9  0.3  0.9  3.1 -0.2  0.4  0.7  0.6 -0.5  2.0
 =================================
           31 ILE
  0.9  2.8  0.9  1.1  0.6 -0.7  0.1  0.5  0.3  1.0  3.0  0.1 -1.2  0.1  0.3 -1.0  1.8  0.1  2.8  1.3  0.1  0.0  0.1  0.6 -0.6
 -1.0  0.4 -0.5  0.5  2.4  0.2 -0.3  1.8  1.4 -0.3  2.2 -0.5  0.9 -1.2  0.8  0.4  0.4 -1.3
 =================================
           32 THR
  2.3  1.4  0.9  1.2  0.4  0.0  0.8  1.6  0.3  0.5  2.1  0.8  0.9  1.1  1.4  1.0  0.6  0.3  0.7  0.9  2.3  3.1  1.0  2.0  2.2
 -0.2  2.7 -0.3  0.6 -0.1 -0.3  1.0  1.1  1.4  0.0  2.2 -0.3  0.2  0.6 -0.1  0.9  0.1  1.1
 =================================
           33 LYS
  1.8 -0.3  0.6 -0.7  0.0  0.5  2.6  0.7  1.1  0.7  0.3  1.8  1.3  2.7  2.4  0.1  0.2  0.8  0.5  1.1  0.9  2.0  1.6  2.3  0.9
  1.0  0.9  1.8  0.5  0.8  1.8  1.1  0.0 -0.9  2.5  2.7  3.3  0.3  1.7  0.6  0.9 -0.2  1.7
 =================================
           34 GLU
  1.9  0.1 -0.2 -0.2  0.8  1.0  0.2  2.6  0.5  0.2 -0.4  0.0  1.0  0.3  2.5  1.2  1.3  1.2  0.9  0.8  0.7  0.2 -0.4  1.7  2.4
  1.8  0.3  1.5  2.0  0.9  1.4  1.4 -0.9  2.5  0.3  1.9  2.5  0.5  1.4  0.2  0.2  0.1 -0.6
 =================================
           35 LEU
 -0.7  0.7 -0.7  0.5  0.6 -1.6 -1.3 -0.1  1.1  0.8  0.5 -0.1 -0.6  0.4  1.7 -0.4  1.2 -0.9  1.4  0.4 -0.7 -0.3  2.0  0.8 -0.5
 -0.3  1.5 -0.3  2.0  0.3 -0.3  0.0  2.5  0.3  1.3  1.3  1.6  2.1  0.2  2.2  1.7  2.4 -1.2
 =================================
           36 TYR
  0.0  0.2  0.2  1.0 -0.1 -0.9  0.1 -0.3  0.4  0.2  0.2 -0.7 -0.3  0.1 -0.1 -0.1  0.5 -0.1  1.3  1.5  0.7  0.2  0.5 -0.2  0.2
  0.1  0.0 -0.4  0.4  0.9  2.2  2.2  2.7  1.9  1.3 -0.8  2.4  2.7 -0.6  0.6  0.0  0.6 -0.2
 =================================
           37 ILE
 -1.1 -1.0  1.8  1.7  0.7 -1.6 -0.8  0.1  0.5  0.5  0.8 -0.8 -0.7  1.8  2.0 -0.7  1.0  0.4  1.3  0.0  0.1 -1.5  1.5  1.4 -0.7
 -0.4  2.3 -1.2  2.6  3.1 -0.5 -0.3  3.3  2.5  1.6  2.4 -0.1  0.2  0.1  3.2  0.3  0.4  1.1
 =================================
           38 GLU
  1.5  0.5 -0.2 -0.8  0.3  0.2 -0.8  1.0  0.1  0.0  0.6  0.3  0.3 -0.4  0.8  0.7  0.8  1.6 -0.4  2.0  0.0  0.8 -0.2  0.0  0.6
 -0.2  0.1  2.3  2.3 -0.2  0.9  0.2  0.3  0.5  2.1  2.7  0.2  1.8  2.0  0.2  1.9  1.9  0.3
 =================================
           39 LEU
 -0.3  1.3  0.1  0.1  1.2 -1.4 -1.2  0.5  0.1  0.6  0.2  0.2 -0.8  0.4  0.4 -0.7  0.1 -0.8  1.9  0.0 -0.7 -1.5  2.3  0.0 -1.0
 -0.9  2.3 -1.1  2.5  0.4 -1.2  0.6  1.7  1.4  0.2 -0.6  0.1  2.0  0.2  0.4  0.4  0.5  2.3
 =================================
           40 SER
 -0.5  1.8  0.3 -0.9 -0.2  2.2  0.6  1.5  2.1  0.5  1.3  0.0  0.8  0.8  0.5  1.6  0.6 -0.2  0.6  1.4 -0.4 -0.6  1.4 -0.2  1.5
  0.5  1.4  0.9  1.0  0.7  0.8 -0.1  0.6  0.2  2.2  0.6  3.2  0.2  0.4  0.1  0.1  0.1  0.4
 =================================
           41 SER
  0.5  1.6 -0.3  0.3  0.6  0.6  1.5  1.3  1.1  0.6  1.2  1.0  1.1  1.3  1.8  0.3  2.3  0.7 -0.3  1.2  1.4  0.3  1.0  1.4  0.9
  0.1 -0.5  0.5  0.7  0.6  0.4  0.9  0.9  0.2  1.7  0.0  0.3  1.9  0.4  0.1  0.1  0.1  0.4
 =================================
           42 ASP
 -0.2 -0.5 -0.7 -0.7  0.4  1.6 -0.1  2.2  0.9 -0.3  1.2  1.0  0.7  0.8 -0.5  0.3 -0.4  0.5  0.3 -0.2  1.2  2.5  0.6  1.2  1.1
  0.3  0.2 -0.2  0.6 -0.5  0.4  0.1 -0.2  0.1  2.4  0.6  0.4  1.9  0.5  0.1  0.1 -0.1  0.5
 =================================
           43 LEU
 -0.8  0.1 -1.2  0.3  1.4 -0.8 -0.1  0.9  1.5  0.3  0.0 -0.4 -0.7  0.4  0.2 -0.3  1.3 -0.8  3.1  0.2 -1.2 -0.7  0.3 -0.1 -1.1
 -0.1  3.1 -1.1  2.4  2.0 -1.3  1.1  1.7 -0.6 -1.2 -0.2  1.1  0.3  2.3  0.4  0.4  0.5 -1.0
 =================================
