            1 MET
 -1.4 -0.3 -0.1  0.7 -0.9 -0.2  0.8  0.8 -0.1  0.9  1.0  0.2 -0.8  0.6  0.8 -0.2  0.2 -0.2  0.9  0.8 -0.4 -0.3  0.5  0.1 -0.8
 -0.1  1.5 -0.5  1.3  0.9 -0.3  1.6  1.0  1.0 -0.7 -0.3 -0.2  0.7 -0.8 -0.1  0.4 -0.1 -1.2
 =================================
            2 ASN
 -0.3 -0.1  0.4  1.2 -0.3  0.2  0.8  0.7  0.2  0.9  0.9  0.1  0.4  0.4  1.2  0.3 -0.2 -0.2  0.8  1.3 -0.1  1.0  1.2  1.2  0.3
  1.7  1.5  1.1  1.4  1.3  0.7  0.3  0.2  0.5  0.7 -0.4 -0.4  0.3  0.1  0.3  0.7  0.3 -0.7
 =================================
            3 LYS
 -0.1  0.4  1.0 -0.1  0.2  0.2  1.3  1.4  1.3  0.7  0.5 -0.1 -0.7  0.1  0.4  0.0 -1.0 -0.3 -0.3  0.2  0.1 -0.1  0.3  1.1 -0.4
  0.4  0.1 -0.1  1.2 -1.0  0.1  0.1 -0.1 -0.4 -0.6 -0.7  0.5 -0.6 -0.9  0.1 -0.8 -1.2 -1.5
 =================================
            4 GLU
  0.7  1.2 -0.1  0.7 -0.2  0.6  2.4  1.4  0.8  0.7  1.4  0.4 -0.4  0.5  0.6  0.3  0.5 -0.1  0.6  0.2 -0.4  0.2  0.4  0.6 -0.2
  1.1  1.3  0.5  1.9  1.0  0.5  0.6 -0.3  0.3 -0.2 -0.2  0.7  0.0 -0.5 -0.1  0.1 -0.4 -1.1
 =================================
            5 HIS
 -0.9 -0.3  0.2 -0.2 -0.4  1.1 -0.2  0.8 -0.4  1.7  1.9  1.4  0.5  1.3  0.2  0.3  0.8 -0.1  0.2  0.8  0.1  0.4  1.0  0.7  0.0
  0.7  0.4  0.0  0.7  1.1  0.1  0.2  0.7 -0.1  0.3  0.0  0.6 -0.2  0.0  0.9  0.4  0.3  0.4
 =================================
            6 ILE
 -0.2  0.2  0.2  0.6  1.1  0.0  0.8  1.2  1.1  0.8  1.2 -0.3 -0.9  0.0  0.6 -0.6 -0.6 -0.8  0.8  0.4 -0.8 -0.9  0.9  0.6 -1.4
 -0.9  0.8 -1.3  0.8  0.4 -1.4 -0.4  0.0  0.2 -1.9 -1.3 -1.4 -0.3 -2.0  0.5 -0.5  0.1 -1.9
 =================================
            7 LEU
  0.8  0.8  1.3  2.4 -0.2  0.8 -1.1  0.8  1.0  1.0  2.8  0.7 -0.3  0.7  0.2 -0.6 -0.1 -0.6  0.4  1.1 -1.0 -0.9  1.0  0.3 -1.5
 -0.7  0.7 -1.4  0.7  0.9 -0.9 -0.1  0.8 -0.1 -1.7 -1.0 -1.1 -0.6 -1.9 -0.6 -0.1  0.1 -1.7
 =================================
            8 ALA
  0.8  0.7  1.4  1.4  0.8  1.2  0.8  0.9  0.4  0.8  1.4  1.8  1.6  0.8  2.0  0.6  1.3  0.9  1.3  1.5 -0.2 -0.3  1.4  0.5 -0.3
  0.4  1.3  0.1  1.6  1.5  0.2  1.1  0.9  2.0 -0.3  0.7  0.3  0.9 -0.5  0.8  1.5  1.5 -0.3
 =================================
            9 GLN
 -0.1  0.2  1.3  0.8 -0.4  1.1  1.0  0.4 -0.4  0.7  0.2  1.1  1.2  2.2  0.2  1.2  1.4  1.4  2.0  0.9  0.1  0.1  0.5  0.8  0.1
  0.0  1.0  0.2  1.0  1.0  0.1  0.6  0.6  0.9  0.0  0.2  0.3  0.2 -0.4  1.2  0.4  0.4 -0.1
 =================================
           10 LYS
  0.9  0.9  0.7  0.7  1.7  0.8  1.0  0.8  0.7  1.0  0.9  1.3  0.4  1.5  1.6  0.8 -0.6 -0.3  0.2  1.6 -0.1  0.4  1.4  1.5  0.4
  0.4  0.6  0.8  1.4  0.1  0.3  0.4  0.4 -0.1 -0.2 -0.1  0.0  0.1 -0.5  0.9  0.4 -0.5 -0.8
 =================================
           11 GLU
  1.0  0.9  0.5  1.4  1.9  1.2  2.8  1.4  0.2  0.9  0.7  1.0  0.8  0.9  0.4  1.6  1.8  0.6  1.0  1.4  0.7  0.3  0.3  0.6 -0.3
  0.5  1.0  0.1  1.2  1.0  1.2  0.7 -0.1  1.0  0.1  0.1  0.1  1.1 -0.1  0.6  0.4  0.8 -0.2
 =================================
           12 VAL
  0.2  0.1 -0.1  0.4  1.4 -0.3  0.7  1.8  1.1  1.3  1.0 -0.2  2.1 -0.1  1.3  0.5  1.6  1.7  1.3  2.0 -0.3 -0.5  0.9  1.3 -0.9
 -0.3  0.7 -0.6  0.4  1.0 -0.5  0.4  0.7  0.2 -0.9 -0.8 -0.4  0.8 -0.9 -0.3  0.8  0.3 -1.3
 =================================
           13 LEU
 -0.8  0.4 -0.7 -0.4  0.5 -0.9 -0.3  1.6  1.2  0.4  0.8  2.1 -0.3  1.1  0.1  1.1  1.0  1.2  2.5  1.3 -0.7 -0.8  1.2  0.7 -1.5
 -0.3  0.7 -1.2  0.5  0.0 -1.3  0.3  0.0  0.4 -1.4 -1.2 -0.9  0.1 -1.7  0.0  0.0  0.3 -1.7
 =================================
           14 THR
  0.6  0.4  0.1  0.5  1.3  0.0  0.7  0.8  2.2  1.5  0.9 -0.1  1.1  0.0  0.3  1.5  0.0  1.3  1.8  0.9  1.0  1.3  1.5  1.7  0.8
  1.4  1.8  1.6  1.7  0.8  0.1  1.8  0.7  1.0  0.6  0.0  0.9  0.5  0.6  1.2  1.3 -0.1  0.1
 =================================
           15 PRO
  0.8  1.2  0.4  0.6  0.2  0.6  0.2  2.0  0.2  1.6  0.4  1.3  0.1  0.3  0.3  0.0  1.1  0.9  0.9  1.7  1.1  0.8  1.4  1.0  0.3
  0.9  0.5  0.1  0.6  0.7  0.2  1.1  1.3  1.5  0.2 -0.4  1.6  0.4 -0.2  0.2  1.1 -0.3 -0.3
 =================================
           16 ILE
 -0.2  0.3  0.0  0.3  0.3 -0.6 -0.6  0.6  1.2  0.8  1.6  0.5  1.1  1.5  0.0  0.6  0.3  0.5  1.0  1.2  1.2 -0.5  1.9  0.9 -1.1
 -0.7  0.6 -1.1  0.4  0.7 -1.2  0.2 -0.3  0.7 -1.1 -0.4 -1.0  0.2 -1.1  0.3  0.6  0.0 -1.2
 =================================
           17 GLU
  0.2 -0.2 -1.0  0.5  0.8 -0.6 -0.1  1.3  1.4 -0.6  1.8  1.6  1.0  0.0  1.1  0.3  0.8  0.8  2.0  1.5  1.0  1.4  0.9  1.1  0.3
  0.2  1.8  0.6  1.1  0.6  0.8  1.3 -0.1  1.4  0.6  0.0  0.4  0.6 -0.2  0.5  0.7  0.3 -0.2
 =================================
           18 TYR
 -0.2 -0.2 -0.3 -0.1 -0.1 -0.8 -0.6  0.9  1.4 -0.3  0.6  1.7  1.2  1.3  0.9  0.5  0.8  0.0  0.5  0.0  0.9 -0.1  1.1  1.8 -0.1
 -0.3  0.6  0.1  1.5 -0.1 -0.7  0.6  0.1  0.4 -1.1 -0.9 -0.3  0.1 -1.4 -0.8  0.1 -0.5 -1.3
 =================================
           19 GLU
  0.9  0.8 -0.3  0.6  0.2  0.8  0.4  1.3  2.0  0.2  1.0  1.3  2.5  1.8  0.9  1.0  2.0  0.5  0.7 -0.2  0.8  1.3  1.6  1.0  1.3
  1.0  1.1  1.1  0.9  0.4  1.0  0.5  0.1  0.1  0.4  0.1  0.8  0.0  0.2  0.2  0.1  1.2  0.6
 =================================
           20 HIS
  0.8  1.3  0.2  0.2  0.8  0.4  1.1  1.5  0.9  1.6  1.4  2.0  1.3  0.9  1.7  1.2  1.5  0.0 -0.2 -1.1  0.8  0.1  1.2  0.0  1.0
  0.2  0.1  1.5  0.9  0.9  0.8  1.1  0.8  1.1  0.9  0.9  0.4  1.3  0.2  1.3  0.7 -0.3  0.4
 =================================
           21 TYR
 -0.4 -0.1  0.1 -0.4  0.1 -0.8 -1.0 -0.2  0.1 -0.1  0.7 -0.3 -0.7  1.0  1.1  1.2  1.0  0.9  0.8  0.8  0.0 -0.5  0.3  0.8  0.9
  0.0  1.3 -0.6  0.5  0.0 -0.3  1.1  0.6  0.2 -1.1 -0.4 -0.4 -0.3 -1.5  0.0  0.3 -0.3 -1.6
 =================================
           22 VAL
 -0.3  1.0 -0.1  0.2  0.4 -0.9 -0.9 -0.3  0.1  0.4  0.3 -0.5 -0.8  1.3  0.8 -0.5  1.4 -0.1  1.3  0.1 -0.5  0.9  1.0 -0.3  1.1
  0.3  0.9  0.2  0.4  1.5 -0.6  1.4  1.2 -0.3 -1.2 -0.3 -1.1 -0.2 -2.0 -0.4 -0.1  1.0 -1.6
 =================================
           23 LYS
  0.5  1.2  0.3  0.4  1.0  0.9  1.0  1.4  0.5  1.4  0.3  0.9  1.2  1.5  1.4  1.9  0.9  1.1  1.6  1.2  0.3  1.0  1.0  0.2  1.3
  1.3  1.0  0.8  2.1  1.0  0.2  1.5  1.1 -0.2  0.4  0.3  0.9 -0.1  0.3  0.5  0.7  0.7 -0.4
 =================================
           24 HIS
  0.1  1.2  1.1  0.6  0.7  0.6  0.3  0.5  0.8  1.5  0.6  1.3  0.7  1.7  1.0  0.9  1.1  1.8  1.0  0.0  0.8 -0.3  0.2 -1.1 -0.2
  1.5  0.7  0.9  2.0  2.0  0.4  1.7  1.9  0.8  0.2  0.1  0.7  0.7 -0.3  0.1  1.0  0.3 -0.5
 =================================
           25 LEU
 -0.8  0.3 -0.4 -0.2  0.0 -1.4 -1.5 -0.3  0.1  0.4 -0.3 -0.9 -1.5  0.8  0.3 -1.1  0.3 -0.1  1.3  1.0  0.9  1.1  1.3 -0.2  1.2
  0.2  1.3  1.4  1.4  0.3 -0.8  0.9  0.5  0.4 -1.6 -1.0 -1.2 -0.2 -2.0  0.0 -0.1  0.2 -2.1
 =================================
           26 PHE
 -0.1  1.7  0.4  1.1  0.7 -0.9 -0.7  0.4  0.0  0.4  0.5 -0.3 -0.3  1.4  0.9 -0.7  0.2 -0.3  1.0  0.2  0.0  0.3  1.3  1.5  0.2
 -1.3  0.9  0.8  1.1  0.7  0.3  0.5  0.4  1.5 -0.6 -0.3 -0.5 -0.3 -1.4  0.4  0.2  0.3 -1.0
 =================================
           27 ASP
  1.5  1.5  0.1  1.3  0.4  0.8  0.7  1.3  1.0  0.6  1.0  0.7  0.7  1.8  0.5  0.6  1.8  0.6  1.1  0.1  1.3  0.9  1.0  0.7  1.3
  0.9  1.6  1.3  2.0  1.0  0.9  1.1  1.8  0.6  0.7  0.9  1.6  0.5  0.9  0.8 -0.2 -0.2  1.4
 =================================
           28 ILE
 -0.5  1.1 -0.1  0.5  0.0 -1.3 -1.4  0.1  0.2  0.8  0.1 -0.6 -1.2  1.6  0.1 -1.1  0.6  0.1  1.1  1.5 -0.6  0.2  0.8  0.9  1.4
  0.8  1.3  0.7  0.4  0.8 -0.1  0.6  1.0  1.3 -1.3 -0.7 -1.2  0.7 -1.8  0.2  0.0 -0.4 -2.0
 =================================
           29 GLY
  1.3  1.4  1.2  1.9  0.7  0.8  0.7  1.6  1.0  1.4  1.2  0.4  0.5  1.7  0.6  0.4  1.1  1.5  0.9  0.9  0.5  0.4  2.1  2.0  1.4
  1.1  2.0  0.4  1.2  1.1  0.4  0.6  1.1  1.7  1.4  0.6  1.0  1.1  1.1  0.3  0.3 -0.4  0.4
 =================================
           30 GLU
  0.9  1.3 -1.0  1.0  1.1  0.4  0.9  1.5  1.0  0.1  1.0  1.0  0.0  0.8  0.7  0.7  0.6 -0.1  0.4  0.9  0.0  1.5  1.0  2.0  0.3
  0.7  1.0  0.8  1.1  0.7  1.1  1.7  1.3  1.6  0.9  0.9  1.5  0.3  0.4  0.5  0.0  0.4  0.2
 =================================
           31 ILE
 -0.3  0.7  0.1  0.5  0.1 -1.4 -0.9  0.2  0.1  0.3  1.2 -0.5 -1.3  0.1  0.2 -1.2  0.8 -0.7  1.0  0.8 -0.3 -0.6  0.2  0.4 -0.8
  0.3  0.9 -0.1  0.4  1.1  0.1  0.8  1.8  1.9 -0.2  0.3  0.1  0.4 -1.3  0.0  0.2  0.2 -1.7
 =================================
           32 THR
  1.6  0.3  0.1  0.6  0.2 -0.4 -0.1  1.1  0.6  0.4  0.7  0.4  0.3  1.8  1.1  0.2  1.3  0.6  0.5  1.1  1.1  1.4  1.5  1.7  0.9
  0.5  1.1  0.6  0.6  1.7  0.8  0.5  1.1  1.0  0.4  2.3  0.5  0.3  0.0  1.6  0.8 -0.1 -0.1
 =================================
           33 LYS
  1.0  0.2 -0.1 -0.3  0.7  0.0  0.8  0.9  0.6  0.4 -0.1  0.7  0.0  0.7  1.3 -0.3 -0.1  0.1  0.1  0.8  0.6  1.2  1.1  1.9  0.5
  0.4  1.8  1.0  1.1  1.3  1.8  1.1  0.6 -0.1  1.0  1.3  2.4  1.0  1.1  0.6  0.6  0.3  0.1
 =================================
           34 GLU
  1.0  0.5 -0.4  0.3 -0.1  0.2 -0.1  2.0  0.9 -0.1  1.0  0.2  0.4  1.0  1.5  0.7  1.4  0.4  0.1  1.1  0.2 -0.3 -0.2  0.8  0.4
  1.5  0.6  1.3  1.7  1.6  1.9  1.0 -0.1  1.6  0.4  1.1  2.0  1.5  1.3  1.4  1.3  1.2 -0.4
 =================================
           35 LEU
 -0.7  0.7 -0.6 -0.2  0.3 -1.9 -1.7 -0.3  0.0 -0.2  0.1 -0.9 -1.4  0.6  0.2 -1.1  0.6 -1.1  0.4  0.9 -1.1 -1.2  0.4  0.2 -1.6
 -0.6  0.7 -1.3  1.4  0.9 -0.2  0.4  1.0  0.4  0.2  0.9  1.5  1.0 -0.2  0.9  1.0  0.7 -1.8
 =================================
           36 TYR
 -0.3 -0.4 -0.7 -0.2  0.0 -1.3 -1.0  0.7  0.2 -0.1  0.1 -0.8 -1.2  0.0 -0.4 -0.4  0.0 -0.9  0.1  0.9 -0.4 -0.3  0.3  0.1 -1.0
 -0.3  0.9 -0.7  0.6  0.9  0.3  2.3  1.3  1.1  0.9  0.0  2.0  1.7 -0.1  1.5  1.2  0.9 -1.0
 =================================
           37 ILE
 -0.2 -0.4  0.5  0.7  0.6 -1.4 -1.1  0.3  0.3  0.0  0.1 -0.4 -0.9  0.9  1.6 -1.0  0.4 -0.3  0.8  0.4 -0.4 -1.1  0.9  0.7 -1.2
 -0.5  1.6 -1.2  1.0  1.5  0.1  0.5  2.4  2.0  1.5  2.0 -0.3  0.3  0.8  2.0  1.1  1.4  0.4
 =================================
           38 GLU
  0.7  0.3 -0.6  0.0 -0.2 -0.3 -0.6  0.9  0.2  0.1  1.1  0.8  0.1  0.5  0.4  0.2  0.6  0.1  0.0  1.3 -0.3 -0.2 -0.1  0.7 -0.2
 -0.3  0.5  0.7  1.1  0.3  0.4  0.3  1.0  1.5  1.0  1.7  0.3  1.3  1.4  0.6  0.9  1.8  0.8
 =================================
           39 LEU
 -0.8  0.1 -0.9 -0.5  0.0 -2.0 -1.9 -0.5 -0.4 -0.5 -0.1 -0.9 -1.7  0.6 -0.2 -1.1 -0.2 -1.4  0.2  0.2 -1.5 -2.0  0.3 -0.3 -2.0
 -1.4  0.9 -1.8  1.1  0.4 -1.3  0.0  1.1  1.3 -0.2 -0.1  0.8  1.4 -0.3  0.7  0.4  0.5  0.5
 =================================
           40 SER
 -0.1  0.3  0.1 -0.1  0.9  0.5 -0.6  0.8  1.2  0.9  0.6 -0.3  0.0  1.2  0.2  0.3  0.5 -0.8  0.2  1.3  0.0 -0.4  0.5  0.1  0.0
  0.4  0.8  0.2  0.3  0.5  0.0  1.6  0.6  1.4  0.9  1.5  2.0  0.6  0.7  0.3  0.3  0.3  1.5
 =================================
           41 SER
  0.4  0.7 -0.8  0.1  0.4 -0.5 -0.1  1.5  0.4  0.4  0.4  0.8  0.0  1.3  1.1  0.6  0.7  0.1  0.1  0.7  0.3 -0.1  0.7  1.0 -0.1
  0.2 -0.2  0.0  0.3  0.0  0.2  0.8  0.6  1.3  1.0  1.2  1.1  0.9  0.4  0.3  0.3  0.3  0.4
 =================================
           42 ASP
 -0.1  0.3 -1.2 -0.4  0.3  0.1  0.1  1.5  0.4 -0.5  0.8  0.3  0.3 -0.1 -0.3  0.0  0.3 -0.5  1.2 -0.3 -0.3  1.0  0.7  0.3  0.2
  0.3 -0.2 -0.4 -0.4  0.4  0.2 -0.1  0.3  1.2  0.7  0.9  1.4  1.8  0.5  0.3  0.3  0.4  0.5
 =================================
           43 LEU
 -1.2 -0.7 -1.5 -1.1  0.4 -1.9 -1.7 -0.3 -0.1 -0.8 -0.2 -1.3 -1.7  0.1 -0.3 -1.2 -0.2 -1.3  0.6  0.4 -1.6 -1.6 -0.4 -0.5 -2.1
 -1.0  1.4 -2.0  0.4  0.2 -1.7 -0.1  0.1 -0.4 -1.8 -1.0  0.4  0.8  0.5  1.5  0.4  0.5 -1.1
 =================================
