34
    5    25   0.3500
    5    29   0.3500
    5    39   0.0500
    7    12   0.0500
   11    16   0.4000
   11    17   0.3500
   12    17   0.0500
   13    18   0.0500
   13    40   0.1000
   16    27   0.3000
   17    27   0.3000
   22    38   0.0500
   25    30   0.1000
   25    34   0.0500
   25    38   0.0500
   26    31   0.0500
   26    34   0.0500
   26    39   0.0500
   28    33   0.0500
   28    34   0.0500
   28    38   0.0500
   29    34   0.1500
   29    35   0.0500
   29    37   0.0500
   30    35   0.0500
   30    36   0.0500
   30    37   0.0500
   33    38   0.4000
   33    43   0.0500
   34    39   0.3000
   35    40   0.3000
   36    41   0.0500
   36    42   0.0500
   36    43   0.0500
