160
         1          6      0.450          9   20
         1          9      0.050          1   20
         1         21      0.050          1   20
         1         25      0.150          3   20
         1         29      0.350          7   20
         1         30      0.050          1   20
         1         38      0.050          1   20
         3          8      0.050          1   20
         3         26      0.050          1   20
         3         30      0.050          1   20
         3         38      0.300          6   20
         4         13      0.050          1   20
         4         18      0.050          1   20
         4         21      0.050          1   20
         4         29      0.350          7   20
         4         39      0.050          1   20
         5         25      0.350          7   20
         5         26      0.350          7   20
         5         29      0.350          7   20
         5         39      0.050          1   20
         6         19      0.100          2   20
         6         24      0.100          2   20
         6         25      0.150          3   20
         6         28      0.100          2   20
         6         30      0.050          1   20
         6         35      0.350          7   20
         6         43      0.300          6   20
         7         12      0.050          1   20
         7         13      0.050          1   20
         7         18      0.050          1   20
         7         21      0.050          1   20
         7         22      0.050          1   20
         7         25      0.050          1   20
         7         28      0.300          6   20
         7         30      0.050          1   20
         7         31      0.300          6   20
         7         32      0.300          6   20
         7         35      0.300          6   20
         8         13      0.050          1   20
         8         18      0.050          1   20
         8         25      0.350          7   20
         8         32      0.350          7   20
         8         36      0.350          7   20
         8         39      0.050          1   20
         8         41      0.050          1   20
         9         18      0.050          1   20
         9         22      0.350          7   20
         9         25      0.350          7   20
         9         32      0.100          2   20
         9         35      0.050          1   20
         9         41      0.050          1   20
         9         43      0.300          6   20
        10         16      0.400          8   20
        10         18      0.100          2   20
        10         19      0.050          1   20
        10         21      0.100          2   20
        10         24      0.050          1   20
        10         25      0.050          1   20
        10         31      0.300          6   20
        10         34      0.300          6   20
        10         35      0.350          7   20
        10         38      0.050          1   20
        10         39      0.050          1   20
        10         42      0.050          1   20
        10         43      0.300          6   20
        11         16      0.400          8   20
        11         17      0.400          8   20
        11         18      0.050          1   20
        11         21      0.050          1   20
        11         28      0.300          6   20
        11         31      0.300          6   20
        11         36      0.350          7   20
        11         40      0.050          1   20
        11         41      0.200          4   20
        12         17      0.050          1   20
        12         18      0.350          7   20
        12         21      0.350          7   20
        12         22      0.350          7   20
        12         25      0.350          7   20
        12         32      0.050          1   20
        12         35      0.050          1   20
        12         36      0.350          7   20
        12         39      0.050          1   20
        12         40      0.200          4   20
        13         18      0.500         10   20
        13         19      0.050          1   20
        13         21      0.400          8   20
        13         32      0.050          1   20
        13         35      0.050          1   20
        13         39      0.200          4   20
        13         40      0.300          6   20
        13         43      0.200          4   20
        14         39      0.050          1   20
        14         42      0.050          1   20
        16         21      0.050          1   20
        16         24      0.050          1   20
        16         30      0.300          6   20
        16         31      0.300          6   20
        16         34      0.300          6   20
        16         42      0.050          1   20
        17         39      0.100          2   20
        17         43      0.200          4   20
        18         24      0.100          2   20
        18         27      0.100          2   20
        18         28      0.100          2   20
        18         31      0.100          2   20
        18         39      0.050          1   20
        18         41      0.100          2   20
        19         24      0.100          2   20
        19         28      0.100          2   20
        21         35      0.400          8   20
        21         37      0.050          1   20
        21         38      0.400          8   20
        21         39      0.200          4   20
        21         40      0.200          4   20
        21         43      0.200          4   20
        22         30      0.050          1   20
        22         35      0.050          1   20
        22         37      0.050          1   20
        22         38      0.050          1   20
        22         39      0.100          2   20
        22         41      0.100          2   20
        24         35      0.350          7   20
        24         42      0.050          1   20
        25         30      0.100          2   20
        25         32      0.350          7   20
        25         34      0.050          1   20
        25         35      0.450          9   20
        25         36      0.350          7   20
        25         37      0.050          1   20
        25         38      0.100          2   20
        25         39      0.050          1   20
        26         31      0.050          1   20
        26         32      0.050          1   20
        26         34      0.050          1   20
        26         35      0.050          1   20
        26         38      0.050          1   20
        26         39      0.050          1   20
        28         37      0.050          1   20
        28         38      0.050          1   20
        29         34      0.050          1   20
        29         35      0.050          1   20
        29         36      0.100          2   20
        29         37      0.050          1   20
        29         39      0.050          1   20
        30         35      0.050          1   20
        30         36      0.050          1   20
        30         38      0.100          2   20
        32         38      0.300          6   20
        33         38      0.400          8   20
        33         39      0.300          6   20
        33         40      0.100          2   20
        33         43      0.050          1   20
        34         39      0.300          6   20
        34         40      0.400          8   20
        35         43      0.300          6   20
        36         41      0.200          4   20
        36         43      0.050          1   20
        37         42      0.200          4   20
        38         43      0.200          4   20
