139
    1     6   0.5000
    1    29   0.3500
    1    38   0.0500
    1    39   0.0500
    2    29   0.3500
    2    39   0.0500
    3     8   0.0500
    3    30   0.0500
    4    13   0.0500
    4    18   0.0500
    4    29   0.3500
    4    30   0.3500
    4    32   0.3500
    4    39   0.0500
    5    25   0.3500
    5    26   0.3500
    5    29   0.3500
    5    32   0.3500
    5    39   0.0500
    5    40   0.0500
    6    30   0.0500
    6    35   0.0500
    6    43   0.3000
    7    12   0.0500
    7    13   0.0500
    7    21   0.0500
    7    22   0.0500
    7    25   0.0500
    7    31   0.3000
    7    32   0.3000
    7    35   0.3000
    8    13   0.0500
    8    25   0.3500
    8    32   0.3500
    8    33   0.3500
    8    36   0.3500
    9    22   0.3500
    9    25   0.3500
    9    35   0.0500
    9    43   0.3000
   10    15   0.0500
   10    16   0.4500
   10    18   0.1000
   10    21   0.0500
   10    31   0.3000
   10    35   0.0500
   10    38   0.0500
   10    39   0.0500
   10    43   0.3000
   11    16   0.4000
   11    17   0.4000
   11    21   0.0500
   11    31   0.3000
   11    36   0.3500
   12    17   0.0500
   12    18   0.4000
   12    21   0.3500
   12    22   0.3500
   12    36   0.3500
   12    39   0.0500
   12    40   0.2000
   13    18   0.5500
   13    19   0.0500
   13    39   0.1500
   13    40   0.1000
   13    43   0.2000
   14    39   0.0500
   14    42   0.0500
   16    21   0.0500
   16    27   0.3000
   16    28   0.3000
   16    30   0.3000
   16    31   0.3000
   17    27   0.3000
   17    28   0.3000
   17    31   0.3000
   18    24   0.1000
   18    27   0.1000
   18    28   0.1000
   18    41   0.0500
   19    24   0.1000
   21    35   0.3500
   21    39   0.0500
   21    40   0.2000
   22    34   0.0500
   22    35   0.0500
   22    37   0.0500
   22    38   0.0500
   22    41   0.0500
   24    29   0.3500
   24    31   0.3500
   24    35   0.3500
   24    38   0.0500
   25    30   0.5000
   25    31   0.4000
   25    32   0.3500
   25    34   0.1000
   25    35   0.4500
   25    38   0.0500
   26    31   0.1000
   26    32   0.0500
   26    33   0.0500
   26    34   0.0500
   26    35   0.0500
   26    38   0.0500
   26    39   0.0500
   27    33   0.0500
   27    38   0.0500
   28    33   0.0500
   28    34   0.1000
   28    35   0.0500
   28    37   0.0500
   28    38   0.0500
   29    34   0.1500
   29    35   0.0500
   29    36   0.0500
   29    37   0.0500
   29    38   0.0500
   29    39   0.0500
   30    35   0.1500
   30    36   0.0500
   30    37   0.0500
   30    38   0.1000
   32    38   0.3000
   32    43   0.0500
   33    38   0.4000
   33    39   0.3000
   33    43   0.0500
   34    39   0.4000
   34    40   0.4000
   35    40   0.5000
   35    41   0.3000
   35    42   0.3000
   35    43   0.3000
   36    41   0.2500
   36    42   0.0500
   36    43   0.0500
   37    42   0.2500
   38    43   0.2000
